"","OI_KEY","Plot_ID","TREE_IN_PLOT","SPoriginal","Num.Code","NRCS.Code","Common.Name","SP_SWO","INC","DBH","THT","CR","TOP","LIVE","DECAY","NEST","VOLUME","perAcreArea_raster2","Tree_Id"
"1",242631,"11_26",2,"TO",631,"LIDE3","Tanoak","TO",,2,15,,,"Y",,,0.2,0.324741266937915,1
"2",242631,"11_26",8,"DF",202,"PSME","Douglas-fir","DF",29,8.8,52,35,1,"Y",0,0,8.8,0.0519586027100664,2
"3",242631,"11_26",2,"TO",631,"LIDE3","Tanoak","TO",,2,15,,,"Y",,,0.2,0.324741266937915,3
"4",242631,"11_26",14,"DF",202,"PSME","Douglas-fir","DF",22,6,43,90,1,"Y",0,0,3.5,0.0519586027100664,4
"5",242631,"11_26",1,"TO",631,"LIDE3","Tanoak","TO",,1,10,,,"Y",,,0,0.324741266937915,5
"6",242631,"11_26",7,"DF",202,"PSME","Douglas-fir","DF",44,7.6,40,30,1,"Y",0,0,5.2,0.0519586027100664,6
"7",242631,"11_26",11,"DF",202,"PSME","Douglas-fir","DF",59,7.6,41,35,1,"Y",0,0,5.3,0.0519586027100664,7
"8",242631,"11_26",1,"TO",631,"LIDE3","Tanoak","TO",,1,10,,,"Y",,,0,0.324741266937915,8
"9",242631,"11_26",3,"DF",202,"PSME","Douglas-fir","DF",19,8,48,50,1,"Y",0,0,6.8,0.0519586027100664,9
"10",242631,"11_26",4,"DF",202,"PSME","Douglas-fir","DF",5,7.1,40,85,1,"Y",0,0,4.6,0.0519586027100664,10
"11",242631,"11_26",2,"TO",631,"LIDE3","Tanoak","TO",,2,15,,,"Y",,,0.2,0.324741266937915,11
"12",242631,"11_26",3,"TO",631,"LIDE3","Tanoak","TO",,3,19,,,"Y",,,0.6,0.324741266937915,12
"13",242631,"11_26",10,"DF",202,"PSME","Douglas-fir","DF",60,6.8,45,80,1,"Y",0,0,4.7,0.0519586027100664,13
"14",242631,"11_26",16,"DF",202,"PSME","Douglas-fir","DF",42,8,48,60,1,"Y",0,0,6.8,0.0519586027100664,14
"15",242631,"11_26",4,"DF",202,"PSME","Douglas-fir","DF",,1,12,,,"Y",,,0.1,0.324741266937915,15
"16",242631,"11_26",3,"TO",631,"LIDE3","Tanoak","TO",,3,19,,,"Y",,,0.6,0.324741266937915,16
"17",242631,"11_26",1,"DF",202,"PSME","Douglas-fir","DF",90,5.5,32,30,1,"Y",0,0,2.3,0.0519586027100664,17
"18",242631,"11_26",1,"TO",631,"LIDE3","Tanoak","TO",,1,10,,,"Y",,,0,0.324741266937915,18
"19",242631,"11_26",17,"DF",202,"PSME","Douglas-fir","DF",16,7.7,44,40,1,"Y",0,0,5.8,0.0519586027100664,19
"20",242631,"11_26",13,"DF",202,"PSME","Douglas-fir","DF",71,9.2,57,45,1,"Y",0,0,10.5,0.0519586027100664,20
"21",242631,"11_26",2,"TO",631,"LIDE3","Tanoak","TO",,2,15,,,"Y",,,0.2,0.324741266937915,21
"22",242631,"11_26",5,"DF",202,"PSME","Douglas-fir","DF",6,5.6,37,80,1,"Y",0,0,2.7,0.0519586027100664,22
"23",242631,"11_26",6,"DF",202,"PSME","Douglas-fir","DF",33,8,48,85,1,"Y",0,0,6.8,0.0519586027100664,23
"24",242631,"11_26",15,"DF",202,"PSME","Douglas-fir","DF",48,7.1,42,35,1,"Y",0,0,4.8,0.0519586027100664,24
"25",242631,"11_26",9,"DF",202,"PSME","Douglas-fir","DF",61,7.8,37,55,1,"Y",0,0,5.1,0.0519586027100664,25
"26",242631,"11_26",2,"DF",202,"PSME","Douglas-fir","DF",73,6,35,80,1,"Y",0,0,2.9,0.0519586027100664,26
"27",242631,"11_26",12,"DF",202,"PSME","Douglas-fir","DF",69,7.1,51,25,1,"Y",0,0,5.8,0.0519586027100664,27
"28",242631,"11_26",1,"TO",631,"LIDE3","Tanoak","TO",,1,10,,,"Y",,,0,0.324741266937915,28
"29",242631,"11_26",1,"TO",631,"LIDE3","Tanoak","TO",,1,10,,,"Y",,,0,0.324741266937915,29
"30",242631,"12_05",3,"DF",202,"PSME","Douglas-fir","DF",50,9,35,85,1,"Y",0,0,6.4,0.0265377700720803,30
"31",242631,"12_05",1,"OM",981,"UMCA","Oregon myrtle","OM",,1,11,,,"Y",,,0,0.165861062950502,31
"32",242631,"12_05",1,"OM",981,"UMCA","Oregon myrtle","OM",,1,11,,,"Y",,,0,0.165861062950502,32
"33",242631,"12_05",1,"OM",981,"UMCA","Oregon myrtle","OM",,1,11,,,"Y",,,0,0.165861062950502,33
"34",242631,"12_05",1,"OM",981,"UMCA","Oregon myrtle","OM",,1,11,,,"Y",,,0,0.165861062950502,34
"35",242631,"12_05",1,"OM",981,"UMCA","Oregon myrtle","OM",,1,11,,,"Y",,,0,0.165861062950502,35
"36",242631,"12_05",1,"OM",981,"UMCA","Oregon myrtle","OM",,1,11,,,"Y",,,0,0.165861062950502,36
"37",242631,"12_05",1,"OM",981,"UMCA","Oregon myrtle","OM",,1,11,,,"Y",,,0,0.165861062950502,37
"38",242631,"12_05",1,"OM",981,"UMCA","Oregon myrtle","OM",,1,11,,,"Y",,,0,0.165861062950502,38
"39",242631,"12_05",1,"OM",981,"UMCA","Oregon myrtle","OM",,1,11,,,"Y",,,0,0.165861062950502,39
"40",242631,"12_05",9,"DF",202,"PSME","Douglas-fir","DF",48,8.5,48,85,1,"Y",0,0,7.6,0.0265377700720803,40
"41",242631,"12_05",1,"OM",981,"UMCA","Oregon myrtle","OM",,1,11,,,"Y",,,0,0.165861062950502,41
"42",242631,"12_05",1,"OM",981,"UMCA","Oregon myrtle","OM",,1,11,,,"Y",,,0,0.165861062950502,42
"43",242631,"12_05",1,"OM",981,"UMCA","Oregon myrtle","OM",,1,11,,,"Y",,,0,0.165861062950502,43
"44",242631,"12_05",1,"OM",981,"UMCA","Oregon myrtle","OM",,1,11,,,"Y",,,0,0.165861062950502,44
"45",242631,"12_05",5,"DF",202,"PSME","Douglas-fir","DF",14,7.5,36,85,1,"Y",0,0,4.6,0.0265377700720803,45
"46",242631,"12_05",1,"OM",981,"UMCA","Oregon myrtle","OM",,1,11,,,"Y",,,0,0.165861062950502,46
"47",242631,"12_05",2,"OM",981,"UMCA","Oregon myrtle","OM",,4,24,,,"Y",,,1,0.165861062950502,47
"48",242631,"12_05",3,"OM",981,"UMCA","Oregon myrtle","OM",,2,18,,,"Y",,,0.2,0.165861062950502,48
"49",242631,"12_05",8,"DF",202,"PSME","Douglas-fir","DF",40,7.6,34,85,1,"Y",0,0,4.5,0.0265377700720803,49
"50",242631,"12_05",1,"OM",981,"UMCA","Oregon myrtle","OM",,1,11,,,"Y",,,0,0.165861062950502,50
"51",242631,"12_05",1,"OM",981,"UMCA","Oregon myrtle","OM",,1,11,,,"Y",,,0,0.165861062950502,51
"52",242631,"12_05",1,"OM",981,"UMCA","Oregon myrtle","OM",,1,11,,,"Y",,,0,0.165861062950502,52
"53",242631,"12_05",1,"OM",981,"UMCA","Oregon myrtle","OM",,1,11,,,"Y",,,0,0.165861062950502,53
"54",242631,"12_05",1,"OM",981,"UMCA","Oregon myrtle","OM",,1,11,,,"Y",,,0,0.165861062950502,54
"55",242631,"12_05",7,"DF",202,"PSME","Douglas-fir","DF",38,6.3,33,85,1,"Y",0,0,3.1,0.0265377700720803,55
"56",242631,"12_05",1,"OM",981,"UMCA","Oregon myrtle","OM",,1,11,,,"Y",,,0,0.165861062950502,56
"57",242631,"12_05",1,"OM",981,"UMCA","Oregon myrtle","OM",,1,11,,,"Y",,,0,0.165861062950502,57
"58",242631,"12_05",1,"OM",981,"UMCA","Oregon myrtle","OM",,1,11,,,"Y",,,0,0.165861062950502,58
"59",242631,"12_05",1,"OM",981,"UMCA","Oregon myrtle","OM",,1,11,,,"Y",,,0,0.165861062950502,59
"60",242631,"12_05",1,"OM",981,"UMCA","Oregon myrtle","OM",,1,11,,,"Y",,,0,0.165861062950502,60
"61",242631,"12_05",2,"DF",202,"PSME","Douglas-fir","DF",1,13.1,51,85,1,"Y",0,0,17.8,0.0265377700720803,61
"62",242631,"12_05",6,"DF",202,"PSME","Douglas-fir","DF",14,10,48,85,1,"Y",0,0,10.2,0.0265377700720803,62
"63",242631,"12_05",1,"OM",981,"UMCA","Oregon myrtle","OM",,1,11,,,"Y",,,0,0.165861062950502,63
"64",242631,"12_05",1,"OM",981,"UMCA","Oregon myrtle","OM",,1,11,,,"Y",,,0,0.165861062950502,64
"65",242631,"12_05",1,"OM",981,"UMCA","Oregon myrtle","OM",,1,11,,,"Y",,,0,0.165861062950502,65
"66",242631,"12_05",1,"OM",981,"UMCA","Oregon myrtle","OM",,1,11,,,"Y",,,0,0.165861062950502,66
"67",242631,"12_05",1,"OM",981,"UMCA","Oregon myrtle","OM",,1,11,,,"Y",,,0,0.165861062950502,67
"68",242631,"12_05",1,"OM",981,"UMCA","Oregon myrtle","OM",,1,11,,,"Y",,,0,0.165861062950502,68
"69",242631,"12_05",10,"DF",202,"PSME","Douglas-fir","DF",48,7.1,36,85,1,"Y",0,0,4.2,0.0265377700720803,69
"70",242631,"12_05",1,"OM",981,"UMCA","Oregon myrtle","OM",,1,11,,,"Y",,,0,0.165861062950502,70
"71",242631,"12_05",1,"OM",981,"UMCA","Oregon myrtle","OM",,1,11,,,"Y",,,0,0.165861062950502,71
"72",242631,"12_05",11,"DF",202,"PSME","Douglas-fir","DF",40,9.6,43,85,1,"Y",0,0,8.6,0.0265377700720803,72
"73",242631,"12_05",1,"OM",981,"UMCA","Oregon myrtle","OM",,1,11,,,"Y",,,0,0.165861062950502,73
"74",242631,"12_05",4,"DF",202,"PSME","Douglas-fir","DF",43,8.7,36,85,1,"Y",0,0,6.1,0.0265377700720803,74
"75",242631,"12_05",1,"OM",981,"UMCA","Oregon myrtle","OM",,1,11,,,"Y",,,0,0.165861062950502,75
"76",242631,"12_05",1,"OM",981,"UMCA","Oregon myrtle","OM",,1,11,,,"Y",,,0,0.165861062950502,76
"77",242631,"12_05",1,"OM",981,"UMCA","Oregon myrtle","OM",,1,11,,,"Y",,,0,0.165861062950502,77
"78",242631,"12_05",1,"OM",981,"UMCA","Oregon myrtle","OM",,1,11,,,"Y",,,0,0.165861062950502,78
"79",242631,"12_05",1,"OM",981,"UMCA","Oregon myrtle","OM",,1,11,,,"Y",,,0,0.165861062950502,79
"80",242631,"12_05",1,"OM",981,"UMCA","Oregon myrtle","OM",,1,11,,,"Y",,,0,0.165861062950502,80
"81",242631,"12_05",1,"OM",981,"UMCA","Oregon myrtle","OM",,1,11,,,"Y",,,0,0.165861062950502,81
"82",242631,"12_05",1,"OM",981,"UMCA","Oregon myrtle","OM",,1,11,,,"Y",,,0,0.165861062950502,82
"83",242631,"12_05",1,"DF",202,"PSME","Douglas-fir","DF",15,9.6,49,85,1,"Y",0,0,9.7,0.0265377700720803,83
"84",242631,"12_05",1,"OM",981,"UMCA","Oregon myrtle","OM",,1,11,,,"Y",,,0,0.165861062950502,84
"85",242631,"12_05",1,"OM",981,"UMCA","Oregon myrtle","OM",,1,11,,,"Y",,,0,0.165861062950502,85
"86",242631,"12_05",3,"OM",981,"UMCA","Oregon myrtle","OM",,2,18,,,"Y",,,0.2,0.165861062950502,86
"87",242631,"12_05",1,"OM",981,"UMCA","Oregon myrtle","OM",,1,11,,,"Y",,,0,0.165861062950502,87
"88",242631,"12_05",1,"OM",981,"UMCA","Oregon myrtle","OM",,1,11,,,"Y",,,0,0.165861062950502,88
"89",242631,"12_05",1,"OM",981,"UMCA","Oregon myrtle","OM",,1,11,,,"Y",,,0,0.165861062950502,89
"90",242631,"12_05",1,"OM",981,"UMCA","Oregon myrtle","OM",,1,11,,,"Y",,,0,0.165861062950502,90
"91",242631,"12_05",1,"OM",981,"UMCA","Oregon myrtle","OM",,1,11,,,"Y",,,0,0.165861062950502,91
"92",242631,"21_07",25,"DF",202,"PSME","Douglas-fir","DF",8,9.7,45,55,1,"Y",0,0,9.1,0.655797408667865,92
"93",242631,"21_07",3,"DF",202,"PSME","Douglas-fir","DF",68,5.9,42,40,1,"Y",0,0,3.3,0.655797408667865,93
"94",242631,"21_07",14,"DF",202,"PSME","Douglas-fir","DF",11,10.5,70,55,1,"Y",0,0,16.9,0.655797408667865,94
"95",242631,"21_07",15,"DF",202,"PSME","Douglas-fir","DF",22,8.1,54,35,1,"Y",0,0,7.9,0.655797408667865,95
"96",242631,"21_07",2,"DF",202,"PSME","Douglas-fir","DF",82,9.4,54,65,1,"Y",0,0,10.3,0.655797408667865,96
"97",242631,"21_07",10,"DF",202,"PSME","Douglas-fir","DF",64,7.7,57,70,1,"Y",0,0,7.6,0.655797408667865,97
"98",242631,"21_07",7,"DF",202,"PSME","Douglas-fir","DF",66,7.1,55,60,1,"Y",0,0,6.3,0.655797408667865,98
"99",242631,"21_07",29,"DF",202,"PSME","Douglas-fir","DF",48,10.9,62,70,1,"Y",0,0,15.6,0.655797408667865,99
"100",242631,"21_07",23,"DF",202,"PSME","Douglas-fir","DF",47,12.2,60,80,1,"Y",0,0,18.4,0.655797408667865,100
"101",242631,"21_07",24,"DF",202,"PSME","Douglas-fir","DF",24,12.5,58,70,1,"Y",0,0,18.6,0.655797408667865,101
"102",242631,"21_07",28,"DF",202,"PSME","Douglas-fir","DF",28,10.3,49,70,1,"Y",0,0,11,0.655797408667865,102
"103",242631,"21_07",9,"DF",202,"PSME","Douglas-fir","DF",56,11.1,62,65,1,"Y",0,0,16.1,0.655797408667865,103
"104",242631,"21_07",12,"DF",202,"PSME","Douglas-fir","DF",33,10.1,52,40,1,"Y",0,0,11.3,0.655797408667865,104
"105",242631,"21_07",1,"DF",202,"PSME","Douglas-fir","DF",85,10.8,65,65,1,"Y",0,0,16.2,0.655797408667865,105
"106",242631,"21_07",20,"DF",202,"PSME","Douglas-fir","DF",52,12.3,63,80,1,"Y",0,0,19.7,0.655797408667865,106
"107",242631,"21_07",13,"DF",202,"PSME","Douglas-fir","DF",2,10.2,58,35,1,"Y",0,0,12.9,0.655797408667865,107
"108",242631,"21_07",21,"DF",202,"PSME","Douglas-fir","DF",55,11.8,62,85,1,"Y",0,0,18,0.655797408667865,108
"109",242631,"21_07",30,"DF",202,"PSME","Douglas-fir","DF",46,10.4,63,65,1,"Y",0,0,14.6,0.655797408667865,109
"110",242631,"21_07",4,"DF",202,"PSME","Douglas-fir","DF",78,11.3,57,50,1,"Y",0,0,15.2,0.655797408667865,110
"111",242631,"21_07",16,"DF",202,"PSME","Douglas-fir","DF",20,9.5,57,50,1,"Y",0,0,11.1,0.655797408667865,111
"112",242631,"21_07",26,"DF",202,"PSME","Douglas-fir","DF",22,7.8,47,50,1,"Y",0,0,6.4,0.655797408667865,112
"113",242631,"21_07",8,"DF",202,"PSME","Douglas-fir","DF",73,6.6,50,60,1,"Y",0,0,5,0.655797408667865,113
"114",242631,"21_07",19,"DF",202,"PSME","Douglas-fir","DF",71,12.6,67,80,1,"Y",0,0,22.1,0.655797408667865,114
"115",242631,"21_07",17,"DF",202,"PSME","Douglas-fir","DF",36,12.6,67,65,1,"Y",0,0,22.1,0.655797408667865,115
"116",242631,"21_07",5,"DF",202,"PSME","Douglas-fir","DF",87,7.6,44,40,1,"Y",0,0,5.7,0.655797408667865,116
"117",242631,"21_07",6,"DF",202,"PSME","Douglas-fir","DF",83,12.3,65,75,1,"Y",0,0,20.4,0.655797408667865,117
"118",242631,"21_07",11,"DF",202,"PSME","Douglas-fir","DF",46,9.9,60,60,1,"Y",0,0,12.7,0.655797408667865,118
"119",242631,"21_07",27,"DF",202,"PSME","Douglas-fir","DF",22,6.4,44,65,1,"Y",0,0,4.1,0.655797408667865,119
"120",242631,"21_07",22,"DF",202,"PSME","Douglas-fir","DF",46,8.1,50,45,1,"Y",0,0,7.3,0.655797408667865,120
"121",242631,"21_07",18,"DF",202,"PSME","Douglas-fir","DF",49,9.8,61,80,1,"Y",0,0,12.7,0.655797408667865,121
"122",242631,"21_08",1,"DF",202,"PSME","Douglas-fir","DF",42,11.5,69,60,1,"Y",0,0,19.4,0.0259917986061264,122
"123",242631,"21_08",17,"DF",202,"PSME","Douglas-fir","DF",17,9,63,45,1,"Y",0,0,11.4,0.0259917986061264,123
"124",242631,"21_08",3,"DF",202,"PSME","Douglas-fir","DF",50,11.2,68,55,1,"Y",0,0,18.2,0.0259917986061264,124
"125",242631,"21_08",2,"RA",351,"ALRU","Red alder","RA",,1,10,,,"Y",,,0,0.16244874128829,125
"126",242631,"21_08",2,"DF",202,"PSME","Douglas-fir","DF",47,10.4,64,55,1,"Y",0,0,14.9,0.0259917986061264,126
"127",242631,"21_08",4,"DF",202,"PSME","Douglas-fir","DF",34,8,57,45,1,"Y",0,0,8.2,0.0259917986061264,127
"128",242631,"21_08",9,"DF",202,"PSME","Douglas-fir","DF",40,9.5,62,45,1,"Y",0,0,12.3,0.0259917986061264,128
"129",242631,"21_08",19,"DF",202,"PSME","Douglas-fir","DF",23,8.5,59,65,1,"Y",0,0,9.5,0.0259917986061264,129
"130",242631,"21_08",6,"DF",202,"PSME","Douglas-fir","DF",3,7.4,43,45,3,"Y",0,0,5.3,0.0259917986061264,130
"131",242631,"21_08",7,"DF",202,"PSME","Douglas-fir","DF",7,6.5,44,50,1,"Y",0,0,4.2,0.0259917986061264,131
"132",242631,"21_08",10,"DF",202,"PSME","Douglas-fir","DF",43,11.6,72,50,1,"Y",0,0,20.8,0.0259917986061264,132
"133",242631,"21_08",16,"DF",202,"PSME","Douglas-fir","DF",7,7.8,57,50,1,"Y",0,0,7.8,0.0259917986061264,133
"134",242631,"21_08",13,"DF",202,"PSME","Douglas-fir","DF",23,9.5,64,55,1,"Y",0,0,12.7,0.0259917986061264,134
"135",242631,"21_08",5,"DF",202,"PSME","Douglas-fir","DF",25,10.6,64,55,1,"Y",0,0,15.4,0.0259917986061264,135
"136",242631,"21_08",1,"DF",202,"PSME","Douglas-fir","DF",,4,18,,,"Y",,,0.9,0.16244874128829,136
"137",242631,"21_08",15,"DF",202,"PSME","Douglas-fir","DF",2,10.4,69,50,1,"Y",0,0,16.3,0.0259917986061264,137
"138",242631,"21_08",12,"DF",202,"PSME","Douglas-fir","DF",33,9.4,67,55,1,"Y",0,0,13.2,0.0259917986061264,138
"139",242631,"21_08",8,"DF",202,"PSME","Douglas-fir","DF",31,6,44,45,1,"Y",0,0,3.6,0.0259917986061264,139
"140",242631,"21_08",11,"DF",202,"PSME","Douglas-fir","DF",33,6.6,59,40,1,"Y",0,0,6,0.0259917986061264,140
"141",242631,"21_08",14,"DF",202,"PSME","Douglas-fir","DF",11,13.4,82,65,1,"Y",0,0,31.3,0.0259917986061264,141
"142",242631,"21_08",2,"RA",351,"ALRU","Red alder","RA",,1,10,,,"Y",,,0,0.16244874128829,142
"143",242631,"21_08",18,"DF",202,"PSME","Douglas-fir","DF",23,12.5,65,65,1,"Y",0,0,21,0.0259917986061264,143
"144",242631,"21_09",6,"DF",202,"PSME","Douglas-fir","DF",1,11,69,75,1,"Y",0,0,18,0.574150889222587,144
"145",242631,"21_09",16,"DF",202,"PSME","Douglas-fir","DF",9,11,62,70,1,"Y",0,0,15.9,0.574150889222587,145
"146",242631,"21_09",1,"DF",202,"PSME","Douglas-fir","DF",13,11.7,65,70,1,"Y",0,0,18.7,0.574150889222587,146
"147",242631,"21_09",14,"DF",202,"PSME","Douglas-fir","DF",11,11.8,72,75,1,"Y",0,0,21.4,0.574150889222587,147
"148",242631,"21_09",20,"DF",202,"PSME","Douglas-fir","DF",17,14,64,65,1,"Y",0,0,25.2,0.574150889222587,148
"149",242631,"21_09",4,"DF",202,"PSME","Douglas-fir","DF",4,12.2,59,70,1,"Y",0,0,18.1,0.574150889222587,149
"150",242631,"21_09",2,"DF",202,"PSME","Douglas-fir","DF",10,11.2,64,65,1,"Y",0,0,17,0.574150889222587,150
"151",242631,"21_09",18,"DF",202,"PSME","Douglas-fir","DF",15,13.1,69,65,1,"Y",0,0,24.4,0.574150889222587,151
"152",242631,"21_09",7,"DF",202,"PSME","Douglas-fir","DF",13,9.9,67,80,1,"Y",0,0,14.4,0.574150889222587,152
"153",242631,"21_09",3,"DF",202,"PSME","Douglas-fir","DF",4,8.5,61,65,1,"Y",0,0,9.9,0.574150889222587,153
"154",242631,"21_09",19,"DF",202,"PSME","Douglas-fir","DF",17,9.8,57,80,1,"Y",0,0,11.8,0.574150889222587,154
"155",242631,"21_09",15,"DF",202,"PSME","Douglas-fir","DF",6,11.2,62,70,1,"Y",0,0,16.4,0.574150889222587,155
"156",242631,"21_09",5,"DF",202,"PSME","Douglas-fir","DF",2,10.6,66,70,1,"Y",0,0,16,0.574150889222587,156
"157",242631,"21_09",10,"DF",202,"PSME","Douglas-fir","DF",19,9.3,53,90,1,"Y",0,0,9.9,0.574150889222587,157
"158",242631,"21_09",9,"DF",202,"PSME","Douglas-fir","DF",14,9,57,75,1,"Y",0,0,10.1,0.574150889222587,158
"159",242631,"21_09",8,"DF",202,"PSME","Douglas-fir","DF",17,10.6,70,65,1,"Y",0,0,17.1,0.574150889222587,159
"160",242631,"21_09",13,"DF",202,"PSME","Douglas-fir","DF",7,10.1,67,80,1,"Y",0,0,15,0.574150889222587,160
"161",242631,"21_09",17,"DF",202,"PSME","Douglas-fir","DF",12,12.1,70,65,1,"Y",0,0,21.6,0.574150889222587,161
"162",242631,"21_09",21,"DF",202,"PSME","Douglas-fir","DF",15,10.2,64,70,1,"Y",0,0,14.4,0.574150889222587,162
"163",242631,"21_09",12,"DF",202,"PSME","Douglas-fir","DF",21,10.2,61,75,1,"Y",0,0,13.6,0.574150889222587,163
"164",242631,"21_09",11,"DF",202,"PSME","Douglas-fir","DF",19,8.6,46,85,1,"Y",0,0,7.4,0.574150889222587,164
"165",242631,"21_11",34,"DF",202,"PSME","Douglas-fir","DF",56,7,48,45,1,"Y",0,0,5.3,1.60925840938841,165
"166",242631,"21_11",4,"IC",81,"LIDE2","Incense-cedar","OtherConifers",,1,7,,,"Y",,,0,10.0578650586776,166
"167",242631,"21_11",33,"DF",202,"PSME","Douglas-fir","DF",58,7.2,39,70,1,"Y",0,0,4.6,1.60925840938841,167
"168",242631,"21_11",22,"DF",202,"PSME","Douglas-fir","DF",2,8.1,49,75,1,"Y",0,0,7.1,1.60925840938841,168
"169",242631,"21_11",9,"DF",202,"PSME","Douglas-fir","DF",6,8.3,57,65,1,"Y",0,0,8.8,1.60925840938841,169
"170",242631,"21_11",1,"DF",202,"PSME","Douglas-fir","DF",,1,8,,,"Y",,,0,10.0578650586776,170
"171",242631,"21_11",4,"IC",81,"LIDE2","Incense-cedar","OtherConifers",,1,7,,,"Y",,,0,10.0578650586776,171
"172",242631,"21_11",5,"DF",202,"PSME","Douglas-fir","DF",19,10.5,54,75,1,"Y",0,0,12.6,1.60925840938841,172
"173",242631,"21_11",27,"DF",202,"PSME","Douglas-fir","DF",57,8.4,56,55,1,"Y",0,0,8.8,1.60925840938841,173
"174",242631,"21_11",25,"DF",202,"PSME","Douglas-fir","DF",36,8.3,51,50,1,"Y",0,0,7.8,1.60925840938841,174
"175",242631,"21_11",4,"DF",202,"PSME","Douglas-fir","DF",21,9.2,54,70,1,"Y",0,0,9.9,1.60925840938841,175
"176",242631,"21_11",4,"IC",81,"LIDE2","Incense-cedar","OtherConifers",,1,7,,,"Y",,,0,10.0578650586776,176
"177",242631,"21_11",2,"DF",202,"PSME","Douglas-fir","DF",,2,18,,,"Y",,,0.2,10.0578650586776,177
"178",242631,"21_11",4,"IC",81,"LIDE2","Incense-cedar","OtherConifers",,1,7,,,"Y",,,0,10.0578650586776,178
"179",242631,"21_11",35,"DF",202,"PSME","Douglas-fir","DF",53,7,39,80,1,"Y",0,0,4.3,1.60925840938841,179
"180",242631,"21_11",24,"DF",202,"PSME","Douglas-fir","DF",38,7,59,65,1,"Y",0,0,6.6,1.60925840938841,180
"181",242631,"21_11",28,"DF",202,"PSME","Douglas-fir","DF",55,6.3,41,55,1,"Y",0,0,3.7,1.60925840938841,181
"182",242631,"21_11",7,"DF",202,"PSME","Douglas-fir","DF",11,8.7,52,55,1,"Y",0,0,8.6,1.60925840938841,182
"183",242631,"21_11",15,"DF",202,"PSME","Douglas-fir","DF",33,10.7,56,45,1,"Y",0,0,13.5,1.60925840938841,183
"184",242631,"21_11",17,"DF",202,"PSME","Douglas-fir","DF",21,10.7,59,70,1,"Y",0,0,14.3,1.60925840938841,184
"185",242631,"21_11",3,"DF",202,"PSME","Douglas-fir","DF",19,8.9,57,55,1,"Y",0,0,9.9,1.60925840938841,185
"186",242631,"21_11",2,"DF",202,"PSME","Douglas-fir","DF",30,10.1,54,50,1,"Y",0,0,11.7,1.60925840938841,186
"187",242631,"21_11",30,"DF",202,"PSME","Douglas-fir","DF",56,7.4,55,55,1,"Y",0,0,6.8,1.60925840938841,187
"188",242631,"21_11",6,"WH",263,"TSHE","Western hemlock","WH",,1,8,,,"Y",,,0,10.0578650586776,188
"189",242631,"21_11",12,"DF",202,"PSME","Douglas-fir","DF",20,9.3,51,50,1,"Y",0,0,9.5,1.60925840938841,189
"190",242631,"21_11",4,"IC",81,"LIDE2","Incense-cedar","OtherConifers",,1,7,,,"Y",,,0,10.0578650586776,190
"191",242631,"21_11",23,"DF",202,"PSME","Douglas-fir","DF",13,6.3,38,40,1,"Y",0,0,3.5,1.60925840938841,191
"192",242631,"21_11",1,"DF",202,"PSME","Douglas-fir","DF",34,8.8,49,75,1,"Y",0,0,8.3,1.60925840938841,192
"193",242631,"21_11",31,"DF",202,"PSME","Douglas-fir","DF",52,8.5,48,85,1,"Y",0,0,7.6,1.60925840938841,193
"194",242631,"21_11",14,"DF",202,"PSME","Douglas-fir","DF",28,27.5,14,0,2,"N",4,0,29.6,1.60925840938841,194
"195",242631,"21_11",11,"DF",202,"PSME","Douglas-fir","DF",17,10.3,54,70,1,"Y",0,0,12.2,1.60925840938841,195
"196",242631,"21_11",16,"DF",202,"PSME","Douglas-fir","DF",29,8.9,55,75,1,"Y",0,0,9.5,1.60925840938841,196
"197",242631,"21_11",20,"DF",202,"PSME","Douglas-fir","DF",1,8.9,55,50,1,"Y",0,0,9.5,1.60925840938841,197
"198",242631,"21_11",5,"WH",263,"TSHE","Western hemlock","WH",,2,15,,,"Y",,,0.2,10.0578650586776,198
"199",242631,"21_11",21,"DF",202,"PSME","Douglas-fir","DF",5,7,49,75,1,"Y",0,0,5.4,1.60925840938841,199
"200",242631,"21_11",8,"DF",202,"PSME","Douglas-fir","DF",7,9.4,56,65,1,"Y",0,0,10.7,1.60925840938841,200
"201",242631,"21_11",29,"DF",202,"PSME","Douglas-fir","DF",60,8,48,80,1,"Y",0,0,6.8,1.60925840938841,201
"202",242631,"21_11",1,"DF",202,"PSME","Douglas-fir","DF",,1,8,,,"Y",,,0,10.0578650586776,202
"203",242631,"21_11",1,"DF",202,"PSME","Douglas-fir","DF",,1,8,,,"Y",,,0,10.0578650586776,203
"204",242631,"21_11",1,"DF",202,"PSME","Douglas-fir","DF",,1,8,,,"Y",,,0,10.0578650586776,204
"205",242631,"21_11",13,"DF",202,"PSME","Douglas-fir","DF",22,8.9,55,45,1,"Y",0,0,9.5,1.60925840938841,205
"206",242631,"21_11",10,"DF",202,"PSME","Douglas-fir","DF",7,11.3,61,60,1,"Y",0,0,16.4,1.60925840938841,206
"207",242631,"21_11",6,"WH",263,"TSHE","Western hemlock","WH",,1,8,,,"Y",,,0,10.0578650586776,207
"208",242631,"21_11",26,"DF",202,"PSME","Douglas-fir","DF",47,7.8,56,70,1,"Y",0,0,7.7,1.60925840938841,208
"209",242631,"21_11",4,"IC",81,"LIDE2","Incense-cedar","OtherConifers",,1,7,,,"Y",,,0,10.0578650586776,209
"210",242631,"21_11",32,"DF",202,"PSME","Douglas-fir","DF",62,5.6,42,70,1,"Y",0,0,3,1.60925840938841,210
"211",242631,"21_11",3,"RC",242,"THPL","Western redcedar","RC",,1,8,,,"Y",,,0,10.0578650586776,211
"212",242631,"21_11",18,"DF",202,"PSME","Douglas-fir","DF",23,10.7,55,50,1,"Y",0,0,13.3,1.60925840938841,212
"213",242631,"21_11",3,"RC",242,"THPL","Western redcedar","RC",,1,8,,,"Y",,,0,10.0578650586776,213
"214",242631,"21_11",6,"DF",202,"PSME","Douglas-fir","DF",19,9,53,70,1,"Y",0,0,9.3,1.60925840938841,214
"215",242631,"21_11",19,"DF",202,"PSME","Douglas-fir","DF",10,8.3,53,85,1,"Y",0,0,8.1,1.60925840938841,215
"216",242631,"21_12",4,"DF",202,"PSME","Douglas-fir","DF",72,9.5,50,85,1,"Y",0,0,9.7,0.41880449510241,216
"217",242631,"21_12",12,"DF",202,"PSME","Douglas-fir","DF",20,7.1,55,95,1,"Y",0,0,6.3,0.41880449510241,217
"218",242631,"21_12",1,"DF",202,"PSME","Douglas-fir","DF",20,9.7,54,90,1,"Y",0,0,10.9,0.41880449510241,218
"219",242631,"21_12",31,"DF",202,"PSME","Douglas-fir","DF",37,7.3,47,85,1,"Y",0,0,5.6,0.41880449510241,219
"220",242631,"21_12",30,"DF",202,"PSME","Douglas-fir","DF",48,8.4,48,85,1,"Y",0,0,7.4,0.41880449510241,220
"221",242631,"21_12",9,"DF",202,"PSME","Douglas-fir","DF",77,8.8,51,85,1,"Y",0,0,8.6,0.41880449510241,221
"222",242631,"21_12",14,"DF",202,"PSME","Douglas-fir","DF",3,7.9,37,95,1,"Y",0,0,5.2,0.41880449510241,222
"223",242631,"21_12",24,"DF",202,"PSME","Douglas-fir","DF",76,8.3,50,95,1,"Y",0,0,7.6,0.41880449510241,223
"224",242631,"21_12",6,"DF",202,"PSME","Douglas-fir","DF",62,10,61,90,1,"Y",0,0,13.2,0.41880449510241,224
"225",242631,"21_12",1,"DF",202,"PSME","Douglas-fir","DF",,1,8,,,"Y",,,0,2.61752809439006,225
"226",242631,"21_12",23,"DF",202,"PSME","Douglas-fir","DF",80,5.7,36,75,1,"Y",0,0,2.7,0.41880449510241,226
"227",242631,"21_12",7,"DF",202,"PSME","Douglas-fir","DF",79,8.5,55,85,1,"Y",0,0,8.8,0.41880449510241,227
"228",242631,"21_12",3,"DF",202,"PSME","Douglas-fir","DF",50,10.9,62,85,1,"Y",0,0,15.6,0.41880449510241,228
"229",242631,"21_12",1,"DF",202,"PSME","Douglas-fir","DF",,1,8,,,"Y",,,0,2.61752809439006,229
"230",242631,"21_12",20,"DF",202,"PSME","Douglas-fir","DF",8,7.8,49,90,1,"Y",0,0,6.6,0.41880449510241,230
"231",242631,"21_12",19,"DF",202,"PSME","Douglas-fir","DF",66,6.4,39,85,1,"Y",0,0,3.6,0.41880449510241,231
"232",242631,"21_12",2,"DF",202,"PSME","Douglas-fir","DF",30,11.1,54,90,1,"Y",0,0,13.9,0.41880449510241,232
"233",242631,"21_12",15,"DF",202,"PSME","Douglas-fir","DF",3,12.1,52,95,1,"Y",0,0,15.7,0.41880449510241,233
"234",242631,"21_12",28,"DF",202,"PSME","Douglas-fir","DF",34,8.3,52,80,1,"Y",0,0,7.9,0.41880449510241,234
"235",242631,"21_12",8,"DF",202,"PSME","Douglas-fir","DF",74,8.5,50,85,3,"Y",0,0,7.9,0.41880449510241,235
"236",242631,"21_12",11,"DF",202,"PSME","Douglas-fir","DF",40,9.8,48,90,1,"Y",0,0,9.9,0.41880449510241,236
"237",242631,"21_12",25,"DF",202,"PSME","Douglas-fir","DF",68,7.6,47,85,1,"Y",0,0,6.1,0.41880449510241,237
"238",242631,"21_12",27,"DF",202,"PSME","Douglas-fir","DF",67,8.5,40,75,1,"Y",0,0,6.4,0.41880449510241,238
"239",242631,"21_12",5,"DF",202,"PSME","Douglas-fir","DF",61,7.5,51,80,1,"Y",0,0,6.4,0.41880449510241,239
"240",242631,"21_12",13,"DF",202,"PSME","Douglas-fir","DF",36,7.5,42,85,1,"Y",0,0,5.3,0.41880449510241,240
"241",242631,"21_12",16,"DF",202,"PSME","Douglas-fir","DF",33,10.4,50,95,1,"Y",0,0,11.5,0.41880449510241,241
"242",242631,"21_12",17,"DF",202,"PSME","Douglas-fir","DF",46,6.9,50,85,1,"Y",0,0,5.4,0.41880449510241,242
"243",242631,"21_12",26,"DF",202,"PSME","Douglas-fir","DF",73,6.3,39,80,1,"Y",0,0,3.5,0.41880449510241,243
"244",242631,"21_12",21,"DF",202,"PSME","Douglas-fir","DF",79,5.6,36,85,1,"Y",0,0,2.6,0.41880449510241,244
"245",242631,"21_12",10,"DF",202,"PSME","Douglas-fir","DF",72,9.4,50,90,1,"Y",0,0,9.5,0.41880449510241,245
"246",242631,"21_12",18,"DF",202,"PSME","Douglas-fir","DF",53,5.6,41,90,1,"Y",0,0,3,0.41880449510241,246
"247",242631,"21_12",29,"DF",202,"PSME","Douglas-fir","DF",51,5.9,41,85,1,"Y",0,0,3.3,0.41880449510241,247
"248",242631,"21_12",22,"DF",202,"PSME","Douglas-fir","DF",81,9.8,57,90,1,"Y",0,0,11.8,0.41880449510241,248
"249",242631,"21_12",32,"DF",202,"PSME","Douglas-fir","DF",11,8.8,54,90,1,"Y",0,0,9.2,0.41880449510241,249
"250",242631,"21_13",3,"DF",202,"PSME","Douglas-fir","DF",44,7.3,55,50,1,"Y",0,0,6.6,1.11414143547121,250
"251",242631,"21_13",21,"DF",202,"PSME","Douglas-fir","DF",80,8.1,58,35,1,"Y",0,0,8.5,1.11414143547121,251
"252",242631,"21_13",25,"DF",202,"PSME","Douglas-fir","DF",36,7.3,41,60,1,"Y",0,0,4.9,1.11414143547121,252
"253",242631,"21_13",37,"DF",202,"PSME","Douglas-fir","DF",58,8.1,49,65,1,"Y",0,0,7.1,1.11414143547121,253
"254",242631,"21_13",20,"DF",202,"PSME","Douglas-fir","DF",81,6.2,49,25,1,"Y",0,0,4.3,1.11414143547121,254
"255",242631,"21_13",14,"DF",202,"PSME","Douglas-fir","DF",64,8.5,56,30,1,"Y",0,0,9,1.11414143547121,255
"256",242631,"21_13",9,"DF",202,"PSME","Douglas-fir","DF",14,9.1,58,55,1,"Y",0,0,10.5,1.11414143547121,256
"257",242631,"21_13",35,"DF",202,"PSME","Douglas-fir","DF",63,7.8,46,55,1,"Y",0,0,6.2,1.11414143547121,257
"258",242631,"21_13",31,"DF",202,"PSME","Douglas-fir","DF",65,5.7,51,55,1,"Y",0,0,3.9,1.11414143547121,258
"259",242631,"21_13",34,"DF",202,"PSME","Douglas-fir","DF",67,9.3,67,50,1,"Y",0,0,12.9,1.11414143547121,259
"260",242631,"21_13",1,"DF",202,"PSME","Douglas-fir","DF",44,8.2,61,40,1,"Y",0,0,9.3,1.11414143547121,260
"261",242631,"21_13",29,"DF",202,"PSME","Douglas-fir","DF",21,5.6,41,35,1,"Y",0,0,3,1.11414143547121,261
"262",242631,"21_13",23,"DF",202,"PSME","Douglas-fir","DF",70,10.4,57,45,1,"Y",0,0,13.1,1.11414143547121,262
"263",242631,"21_13",2,"DF",202,"PSME","Douglas-fir","DF",40,9,59,55,1,"Y",0,0,10.5,1.11414143547121,263
"264",242631,"21_13",19,"DF",202,"PSME","Douglas-fir","DF",77,6.5,54,20,1,"Y",0,0,5.2,1.11414143547121,264
"265",242631,"21_13",6,"DF",202,"PSME","Douglas-fir","DF",5,8.3,60,55,1,"Y",0,0,9.3,1.11414143547121,265
"266",242631,"21_13",33,"DF",202,"PSME","Douglas-fir","DF",64,8.4,57,55,1,"Y",0,0,8.9,1.11414143547121,266
"267",242631,"21_13",18,"DF",202,"PSME","Douglas-fir","DF",78,9.3,65,25,1,"Y",0,0,12.5,1.11414143547121,267
"268",242631,"21_13",22,"DF",202,"PSME","Douglas-fir","DF",78,7.9,50,30,1,"Y",0,0,6.9,1.11414143547121,268
"269",242631,"21_13",5,"DF",202,"PSME","Douglas-fir","DF",16,10.5,64,55,1,"Y",0,0,15.2,1.11414143547121,269
"270",242631,"21_13",8,"DF",202,"PSME","Douglas-fir","DF",5,6.6,63,30,1,"Y",0,0,6.4,1.11414143547121,270
"271",242631,"21_13",10,"DF",202,"PSME","Douglas-fir","DF",37,7.1,56,45,1,"Y",0,0,6.4,1.11414143547121,271
"272",242631,"21_13",7,"DF",202,"PSME","Douglas-fir","DF",1,10.2,62,50,1,"Y",0,0,13.9,1.11414143547121,272
"273",242631,"21_13",16,"DF",202,"PSME","Douglas-fir","DF",66,9.1,61,45,1,"Y",0,0,11.2,1.11414143547121,273
"274",242631,"21_13",28,"DF",202,"PSME","Douglas-fir","DF",24,10.8,62,65,1,"Y",0,0,15.4,1.11414143547121,274
"275",242631,"21_13",17,"DF",202,"PSME","Douglas-fir","DF",53,8.5,57,55,1,"Y",0,0,9.1,1.11414143547121,275
"276",242631,"21_13",32,"DF",202,"PSME","Douglas-fir","DF",71,6,51,45,1,"Y",0,0,4.2,1.11414143547121,276
"277",242631,"21_13",13,"DF",202,"PSME","Douglas-fir","DF",56,5.9,46,35,1,"Y",0,0,3.7,1.11414143547121,277
"278",242631,"21_13",15,"DF",202,"PSME","Douglas-fir","DF",68,6,53,20,1,"Y",0,0,4.4,1.11414143547121,278
"279",242631,"21_13",30,"DF",202,"PSME","Douglas-fir","DF",43,6.1,49,65,1,"Y",0,0,4.2,1.11414143547121,279
"280",242631,"21_13",11,"DF",202,"PSME","Douglas-fir","DF",45,8.1,53,50,1,"Y",0,0,7.7,1.11414143547121,280
"281",242631,"21_13",36,"DF",202,"PSME","Douglas-fir","DF",62,8.1,55,50,1,"Y",0,0,8.1,1.11414143547121,281
"282",242631,"21_13",26,"DF",202,"PSME","Douglas-fir","DF",19,5.5,42,55,1,"Y",0,0,2.9,1.11414143547121,282
"283",242631,"21_13",24,"DF",202,"PSME","Douglas-fir","DF",50,8.6,59,50,1,"Y",0,0,9.7,1.11414143547121,283
"284",242631,"21_13",38,"DF",202,"PSME","Douglas-fir","DF",49,6,46,55,1,"Y",0,0,3.8,1.11414143547121,284
"285",242631,"21_13",4,"DF",202,"PSME","Douglas-fir","DF",29,9.4,62,55,1,"Y",0,0,12,1.11414143547121,285
"286",242631,"21_13",27,"DF",202,"PSME","Douglas-fir","DF",1,7.6,46,55,1,"Y",0,0,5.9,1.11414143547121,286
"287",242631,"21_13",1,"DF",202,"PSME","Douglas-fir","DF",,4,45,,,"Y",,,1.7,6.96338397169504,287
"288",242631,"21_13",12,"DF",202,"PSME","Douglas-fir","DF",46,9.7,64,30,1,"Y",0,0,13.2,1.11414143547121,288
"289",242631,"21_15",23,"DF",202,"PSME","Douglas-fir","DF",15,9.5,56,85,1,"Y",0,0,10.9,0.0519538171237871,289
"290",242631,"21_15",1,"TO",631,"LIDE3","Tanoak","TO",,1,20,,,"Y",,,0.1,0.324711357023669,290
"291",242631,"21_15",1,"TO",631,"LIDE3","Tanoak","TO",,1,20,,,"Y",,,0.1,0.324711357023669,291
"292",242631,"21_15",5,"DF",202,"PSME","Douglas-fir","DF",73,9.1,52,85,1,"Y",0,0,9.3,0.0519538171237871,292
"293",242631,"21_15",17,"DF",202,"PSME","Douglas-fir","DF",50,7.1,50,65,1,"Y",0,0,5.7,0.0519538171237871,293
"294",242631,"21_15",1,"TO",631,"LIDE3","Tanoak","TO",,1,20,,,"Y",,,0.1,0.324711357023669,294
"295",242631,"21_15",16,"DF",202,"PSME","Douglas-fir","DF",42,9.7,54,85,1,"Y",0,0,10.9,0.0519538171237871,295
"296",242631,"21_15",1,"TO",631,"LIDE3","Tanoak","TO",,1,20,,,"Y",,,0.1,0.324711357023669,296
"297",242631,"21_15",2,"TO",631,"LIDE3","Tanoak","TO",,2,22,,,"Y",,,0.3,0.324711357023669,297
"298",242631,"21_15",10,"DF",202,"PSME","Douglas-fir","DF",22,8.5,48,75,1,"Y",0,0,7.6,0.0519538171237871,298
"299",242631,"21_15",6,"DF",202,"PSME","Douglas-fir","DF",52,8.3,47,0,1,"N",2,0,7.1,0.0519538171237871,299
"300",242631,"21_15",2,"TO",631,"LIDE3","Tanoak","TO",,2,22,,,"Y",,,0.3,0.324711357023669,300
"301",242631,"21_15",15,"DF",202,"PSME","Douglas-fir","DF",33,10.4,55,85,1,"Y",0,0,12.6,0.0519538171237871,301
"302",242631,"21_15",3,"TO",631,"LIDE3","Tanoak","TO",,3,17,,,"Y",,,0.6,0.324711357023669,302
"303",242631,"21_15",21,"DF",202,"PSME","Douglas-fir","DF",39,10.4,55,85,1,"Y",0,0,12.6,0.0519538171237871,303
"304",242631,"21_15",2,"TO",631,"LIDE3","Tanoak","TO",,2,22,,,"Y",,,0.3,0.324711357023669,304
"305",242631,"21_15",20,"DF",202,"PSME","Douglas-fir","DF",37,6.5,50,80,1,"Y",0,0,4.8,0.0519538171237871,305
"306",242631,"21_15",1,"TO",631,"LIDE3","Tanoak","TO",,1,20,,,"Y",,,0.1,0.324711357023669,306
"307",242631,"21_15",2,"TO",631,"LIDE3","Tanoak","TO",,2,22,,,"Y",,,0.3,0.324711357023669,307
"308",242631,"21_15",1,"TO",631,"LIDE3","Tanoak","TO",,1,20,,,"Y",,,0.1,0.324711357023669,308
"309",242631,"21_15",14,"DF",202,"PSME","Douglas-fir","DF",18,7,51,65,1,"Y",0,0,5.7,0.0519538171237871,309
"310",242631,"21_15",3,"DF",202,"PSME","Douglas-fir","DF",65,6.3,46,75,1,"Y",0,0,4.2,0.0519538171237871,310
"311",242631,"21_15",2,"DF",202,"PSME","Douglas-fir","DF",59,6.1,42,80,1,"Y",0,0,3.6,0.0519538171237871,311
"312",242631,"21_15",1,"TO",631,"LIDE3","Tanoak","TO",,1,20,,,"Y",,,0.1,0.324711357023669,312
"313",242631,"21_15",12,"DF",202,"PSME","Douglas-fir","DF",8,7.7,49,75,1,"Y",0,0,6.5,0.0519538171237871,313
"314",242631,"21_15",18,"DF",202,"PSME","Douglas-fir","DF",59,8.9,56,85,1,"Y",0,0,9.7,0.0519538171237871,314
"315",242631,"21_15",1,"TO",631,"LIDE3","Tanoak","TO",,1,20,,,"Y",,,0.1,0.324711357023669,315
"316",242631,"21_15",9,"DF",202,"PSME","Douglas-fir","DF",35,7.2,50,45,1,"Y",0,0,5.8,0.0519538171237871,316
"317",242631,"21_15",1,"TO",631,"LIDE3","Tanoak","TO",,1,20,,,"Y",,,0.1,0.324711357023669,317
"318",242631,"21_15",1,"TO",631,"LIDE3","Tanoak","TO",,1,20,,,"Y",,,0.1,0.324711357023669,318
"319",242631,"21_15",8,"DF",202,"PSME","Douglas-fir","DF",49,8.3,46,75,1,"Y",0,0,7,0.0519538171237871,319
"320",242631,"21_15",24,"DF",202,"PSME","Douglas-fir","DF",15,10,59,70,1,"Y",0,0,12.7,0.0519538171237871,320
"321",242631,"21_15",1,"TO",631,"LIDE3","Tanoak","TO",,1,20,,,"Y",,,0.1,0.324711357023669,321
"322",242631,"21_15",7,"DF",202,"PSME","Douglas-fir","DF",52,7.5,50,70,1,"Y",0,0,6.3,0.0519538171237871,322
"323",242631,"21_15",11,"DF",202,"PSME","Douglas-fir","DF",12,7.6,45,70,1,"Y",0,0,5.8,0.0519538171237871,323
"324",242631,"21_15",4,"DF",202,"PSME","Douglas-fir","DF",57,8.8,51,70,1,"Y",0,0,8.6,0.0519538171237871,324
"325",242631,"21_15",26,"DF",202,"PSME","Douglas-fir","DF",38,7,52,85,1,"Y",0,0,5.8,0.0519538171237871,325
"326",242631,"21_15",1,"TO",631,"LIDE3","Tanoak","TO",,1,20,,,"Y",,,0.1,0.324711357023669,326
"327",242631,"21_15",19,"DF",202,"PSME","Douglas-fir","DF",66,9.3,49,55,1,"Y",0,0,9.1,0.0519538171237871,327
"328",242631,"21_15",25,"DF",202,"PSME","Douglas-fir","DF",44,7.5,55,50,1,"Y",0,0,7,0.0519538171237871,328
"329",242631,"21_15",1,"TO",631,"LIDE3","Tanoak","TO",,1,20,,,"Y",,,0.1,0.324711357023669,329
"330",242631,"21_15",1,"DF",202,"PSME","Douglas-fir","DF",51,6.9,43,85,1,"Y",0,0,4.6,0.0519538171237871,330
"331",242631,"21_15",13,"DF",202,"PSME","Douglas-fir","DF",22,8,47,65,1,"Y",0,0,6.7,0.0519538171237871,331
"332",242631,"21_15",22,"DF",202,"PSME","Douglas-fir","DF",12,9.9,56,85,1,"Y",0,0,11.8,0.0519538171237871,332
"333",242631,"21_15",1,"TO",631,"LIDE3","Tanoak","TO",,1,20,,,"Y",,,0.1,0.324711357023669,333
"334",242631,"21_18",13,"DF",202,"PSME","Douglas-fir","DF",16,8,58,85,1,"Y",0,0,8.4,0.0515490913371964,334
"335",242631,"21_18",16,"DF",202,"PSME","Douglas-fir","DF",63,12.3,56,85,1,"Y",0,0,17.4,0.0515490913371964,335
"336",242631,"21_18",1,"DF",202,"PSME","Douglas-fir","DF",,1,6,,,"Y",,,0,0.322181820857478,336
"337",242631,"21_18",9,"DF",202,"PSME","Douglas-fir","DF",81,11.1,58,85,1,"Y",0,0,15,0.0515490913371964,337
"338",242631,"21_18",8,"DF",202,"PSME","Douglas-fir","DF",92,7.2,54,80,1,"Y",0,0,6.3,0.0515490913371964,338
"339",242631,"21_18",24,"DF",202,"PSME","Douglas-fir","DF",37,9.1,51,85,1,"N",1,0,9.2,0.0515490913371964,339
"340",242631,"21_18",21,"DF",202,"PSME","Douglas-fir","DF",20,9.8,53,80,1,"Y",0,0,10.9,0.0515490913371964,340
"341",242631,"21_18",15,"DF",202,"PSME","Douglas-fir","DF",4,10,58,85,1,"Y",0,0,12.4,0.0515490913371964,341
"342",242631,"21_18",17,"DF",202,"PSME","Douglas-fir","DF",78,5.6,46,80,1,"Y",0,0,3.3,0.0515490913371964,342
"343",242631,"21_18",14,"DF",202,"PSME","Douglas-fir","DF",20,9.4,57,85,1,"Y",0,0,10.9,0.0515490913371964,343
"344",242631,"21_18",5,"DF",202,"PSME","Douglas-fir","DF",101,8.4,56,85,1,"Y",0,0,8.8,0.0515490913371964,344
"345",242631,"21_18",22,"DF",202,"PSME","Douglas-fir","DF",3,9.1,49,80,1,"Y",0,0,8.8,0.0515490913371964,345
"346",242631,"21_18",4,"DF",202,"PSME","Douglas-fir","DF",90,7.7,57,85,1,"Y",0,0,7.6,0.0515490913371964,346
"347",242631,"21_18",10,"DF",202,"PSME","Douglas-fir","DF",56,8.4,57,80,1,"Y",0,0,8.9,0.0515490913371964,347
"348",242631,"21_18",18,"DF",202,"PSME","Douglas-fir","DF",87,10.5,56,80,1,"Y",0,0,13.1,0.0515490913371964,348
"349",242631,"21_18",23,"DF",202,"PSME","Douglas-fir","DF",25,8.1,50,80,1,"Y",0,0,7.3,0.0515490913371964,349
"350",242631,"21_18",1,"DF",202,"PSME","Douglas-fir","DF",81,9.3,55,80,1,"Y",0,0,10.3,0.0515490913371964,350
"351",242631,"21_18",2,"DF",202,"PSME","Douglas-fir","DF",89,9.4,52,85,1,"Y",0,0,9.9,0.0515490913371964,351
"352",242631,"21_18",12,"DF",202,"PSME","Douglas-fir","DF",27,10.3,63,80,1,"Y",0,0,14.4,0.0515490913371964,352
"353",242631,"21_18",20,"DF",202,"PSME","Douglas-fir","DF",38,8.3,49,75,1,"Y",0,0,7.4,0.0515490913371964,353
"354",242631,"21_18",7,"DF",202,"PSME","Douglas-fir","DF",82,8.5,50,85,1,"Y",0,0,7.9,0.0515490913371964,354
"355",242631,"21_18",6,"DF",202,"PSME","Douglas-fir","DF",96,8,48,80,1,"Y",0,0,6.8,0.0515490913371964,355
"356",242631,"21_18",11,"DF",202,"PSME","Douglas-fir","DF",43,8.4,60,75,1,"Y",0,0,9.5,0.0515490913371964,356
"357",242631,"21_18",3,"DF",202,"PSME","Douglas-fir","DF",90,6.2,40,85,1,"Y",0,0,3.5,0.0515490913371964,357
"358",242631,"21_18",19,"DF",202,"PSME","Douglas-fir","DF",64,8.9,51,85,1,"Y",0,0,8.8,0.0515490913371964,358
"359",242631,"21_20",3,"DF",202,"PSME","Douglas-fir","DF",,1,15,,,"Y",,,0.1,7.92047664485525,359
"360",242631,"21_20",6,"DF",202,"PSME","Douglas-fir","DF",50,9,44,85,1,"Y",0,0,7.8,1.26727626317684,360
"361",242631,"21_20",12,"DF",202,"PSME","Douglas-fir","DF",17,8.5,46,75,1,"Y",0,0,7.3,1.26727626317684,361
"362",242631,"21_20",2,"DF",202,"PSME","Douglas-fir","DF",,3,23,,,"Y",,,0.5,7.92047664485525,362
"363",242631,"21_20",18,"DF",202,"PSME","Douglas-fir","DF",46,10.4,57,85,1,"Y",0,0,13.1,1.26727626317684,363
"364",242631,"21_20",4,"DF",202,"PSME","Douglas-fir","DF",,2,16,,,"Y",,,0.2,7.92047664485525,364
"365",242631,"21_20",21,"DF",202,"PSME","Douglas-fir","DF",23,10.2,55,80,1,"Y",0,0,12.2,1.26727626317684,365
"366",242631,"21_20",20,"DF",202,"PSME","Douglas-fir","DF",37,10,57,80,1,"Y",0,0,12.2,1.26727626317684,366
"367",242631,"21_20",3,"DF",202,"PSME","Douglas-fir","DF",,1,15,,,"Y",,,0.1,7.92047664485525,367
"368",242631,"21_20",10,"DF",202,"PSME","Douglas-fir","DF",43,6.8,40,75,1,"Y",0,0,4.2,1.26727626317684,368
"369",242631,"21_20",22,"DF",202,"PSME","Douglas-fir","DF",23,7.7,44,80,1,"Y",0,0,5.8,1.26727626317684,369
"370",242631,"21_20",9,"DF",202,"PSME","Douglas-fir","DF",42,10.9,57,70,1,"Y",0,0,14.3,1.26727626317684,370
"371",242631,"21_20",17,"DF",202,"PSME","Douglas-fir","DF",43,8.1,47,75,1,"Y",0,0,6.8,1.26727626317684,371
"372",242631,"21_20",7,"DF",202,"PSME","Douglas-fir","DF",58,8.8,46,85,1,"Y",0,0,7.8,1.26727626317684,372
"373",242631,"21_20",3,"DF",202,"PSME","Douglas-fir","DF",27,10.2,48,85,1,"Y",0,0,10.6,1.26727626317684,373
"374",242631,"21_20",4,"DF",202,"PSME","Douglas-fir","DF",46,9.7,48,85,1,"Y",0,0,9.7,1.26727626317684,374
"375",242631,"21_20",1,"TO",631,"LIDE3","Tanoak","TO",,1,14,,,"Y",,,0.1,7.92047664485525,375
"376",242631,"21_20",1,"DF",202,"PSME","Douglas-fir","DF",7,7.7,43,85,1,"Y",0,0,5.7,1.26727626317684,376
"377",242631,"21_20",3,"DF",202,"PSME","Douglas-fir","DF",,1,15,,,"Y",,,0.1,7.92047664485525,377
"378",242631,"21_20",16,"DF",202,"PSME","Douglas-fir","DF",40,11.8,63,75,1,"Y",0,0,18.3,1.26727626317684,378
"379",242631,"21_20",15,"DF",202,"PSME","Douglas-fir","DF",34,9.2,56,85,1,"Y",0,0,10.3,1.26727626317684,379
"380",242631,"21_20",8,"DF",202,"PSME","Douglas-fir","DF",47,10.8,61,70,1,"Y",0,0,15.1,1.26727626317684,380
"381",242631,"21_20",14,"DF",202,"PSME","Douglas-fir","DF",10,11.7,52,85,1,"Y",0,0,14.8,1.26727626317684,381
"382",242631,"21_20",3,"DF",202,"PSME","Douglas-fir","DF",,1,15,,,"Y",,,0.1,7.92047664485525,382
"383",242631,"21_20",2,"DF",202,"PSME","Douglas-fir","DF",26,9.8,46,85,1,"Y",0,0,9.5,1.26727626317684,383
"384",242631,"21_20",13,"DF",202,"PSME","Douglas-fir","DF",4,10.5,58,80,1,"Y",0,0,13.6,1.26727626317684,384
"385",242631,"21_20",5,"DF",202,"PSME","Douglas-fir","DF",58,7.2,43,85,1,"Y",0,0,5,1.26727626317684,385
"386",242631,"21_20",19,"DF",202,"PSME","Douglas-fir","DF",42,9.6,54,80,1,"Y",0,0,10.7,1.26727626317684,386
"387",242631,"21_20",1,"TO",631,"LIDE3","Tanoak","TO",,1,14,,,"Y",,,0.1,7.92047664485525,387
"388",242631,"21_20",11,"DF",202,"PSME","Douglas-fir","DF",30,6.5,44,70,1,"Y",0,0,4.2,1.26727626317684,388
"389",242631,"21_21",1,"TO",631,"LIDE3","Tanoak","TO",,1,5,,,"Y",,,0,0.991692472575782,389
"390",242631,"21_21",1,"TO",631,"LIDE3","Tanoak","TO",,1,5,,,"Y",,,0,0.991692472575782,390
"391",242631,"21_21",1,"TO",631,"LIDE3","Tanoak","TO",,1,5,,,"Y",,,0,0.991692472575782,391
"392",242631,"21_21",1,"TO",631,"LIDE3","Tanoak","TO",,1,5,,,"Y",,,0,0.991692472575782,392
"393",242631,"21_21",1,"TO",631,"LIDE3","Tanoak","TO",,1,5,,,"Y",,,0,0.991692472575782,393
"394",242631,"21_21",1,"TO",631,"LIDE3","Tanoak","TO",,1,5,,,"Y",,,0,0.991692472575782,394
"395",242631,"21_21",17,"DF",202,"PSME","Douglas-fir","DF",36,5.9,41,85,1,"Y",0,0,3.3,0.158670795612125,395
"396",242631,"21_21",1,"TO",631,"LIDE3","Tanoak","TO",,1,5,,,"Y",,,0,0.991692472575782,396
"397",242631,"21_21",1,"TO",631,"LIDE3","Tanoak","TO",,1,5,,,"Y",,,0,0.991692472575782,397
"398",242631,"21_21",5,"DF",202,"PSME","Douglas-fir","DF",51,6.2,35,85,1,"Y",0,0,3.1,0.158670795612125,398
"399",242631,"21_21",1,"TO",631,"LIDE3","Tanoak","TO",,1,5,,,"Y",,,0,0.991692472575782,399
"400",242631,"21_21",12,"DF",202,"PSME","Douglas-fir","DF",62,6.2,41,85,1,"Y",0,0,3.6,0.158670795612125,400
"401",242631,"21_21",9,"DF",202,"PSME","Douglas-fir","DF",9,8.1,45,85,1,"Y",0,0,6.5,0.158670795612125,401
"402",242631,"21_21",10,"DF",202,"PSME","Douglas-fir","DF",37,6.2,43,85,1,"Y",0,0,3.8,0.158670795612125,402
"403",242631,"21_21",1,"TO",631,"LIDE3","Tanoak","TO",,1,5,,,"Y",,,0,0.991692472575782,403
"404",242631,"21_21",1,"TO",631,"LIDE3","Tanoak","TO",,1,5,,,"Y",,,0,0.991692472575782,404
"405",242631,"21_21",1,"TO",631,"LIDE3","Tanoak","TO",,1,5,,,"Y",,,0,0.991692472575782,405
"406",242631,"21_21",8,"DF",202,"PSME","Douglas-fir","DF",3,5.8,22,80,1,"Y",0,0,2,0.158670795612125,406
"407",242631,"21_21",1,"TO",631,"LIDE3","Tanoak","TO",,1,5,,,"Y",,,0,0.991692472575782,407
"408",242631,"21_21",1,"TO",631,"LIDE3","Tanoak","TO",,1,5,,,"Y",,,0,0.991692472575782,408
"409",242631,"21_21",11,"DF",202,"PSME","Douglas-fir","DF",65,7.6,48,80,1,"Y",0,0,6.2,0.158670795612125,409
"410",242631,"21_21",4,"DF",202,"PSME","Douglas-fir","DF",101,5.7,32,85,1,"Y",0,0,2.5,0.158670795612125,410
"411",242631,"21_21",1,"TO",631,"LIDE3","Tanoak","TO",,1,5,,,"Y",,,0,0.991692472575782,411
"412",242631,"21_21",1,"TO",631,"LIDE3","Tanoak","TO",,1,5,,,"Y",,,0,0.991692472575782,412
"413",242631,"21_21",1,"TO",631,"LIDE3","Tanoak","TO",,1,5,,,"Y",,,0,0.991692472575782,413
"414",242631,"21_21",1,"TO",631,"LIDE3","Tanoak","TO",,1,5,,,"Y",,,0,0.991692472575782,414
"415",242631,"21_21",1,"TO",631,"LIDE3","Tanoak","TO",,1,5,,,"Y",,,0,0.991692472575782,415
"416",242631,"21_21",1,"TO",631,"LIDE3","Tanoak","TO",,1,5,,,"Y",,,0,0.991692472575782,416
"417",242631,"21_21",13,"DF",202,"PSME","Douglas-fir","DF",67,5.8,39,85,1,"Y",0,0,3,0.158670795612125,417
"418",242631,"21_21",6,"DF",202,"PSME","Douglas-fir","DF",41,5.7,45,80,1,"Y",0,0,3.4,0.158670795612125,418
"419",242631,"21_21",1,"TO",631,"LIDE3","Tanoak","TO",,1,5,,,"Y",,,0,0.991692472575782,419
"420",242631,"21_21",1,"TO",631,"LIDE3","Tanoak","TO",,1,5,,,"Y",,,0,0.991692472575782,420
"421",242631,"21_21",1,"TO",631,"LIDE3","Tanoak","TO",,1,5,,,"Y",,,0,0.991692472575782,421
"422",242631,"21_21",1,"TO",631,"LIDE3","Tanoak","TO",,1,5,,,"Y",,,0,0.991692472575782,422
"423",242631,"21_21",16,"DF",202,"PSME","Douglas-fir","DF",33,6.4,38,85,1,"Y",0,0,3.6,0.158670795612125,423
"424",242631,"21_21",14,"DF",202,"PSME","Douglas-fir","DF",51,5.9,44,85,1,"Y",0,0,3.5,0.158670795612125,424
"425",242631,"21_21",1,"TO",631,"LIDE3","Tanoak","TO",,1,5,,,"Y",,,0,0.991692472575782,425
"426",242631,"21_21",1,"TO",631,"LIDE3","Tanoak","TO",,1,5,,,"Y",,,0,0.991692472575782,426
"427",242631,"21_21",1,"TO",631,"LIDE3","Tanoak","TO",,1,5,,,"Y",,,0,0.991692472575782,427
"428",242631,"21_21",1,"TO",631,"LIDE3","Tanoak","TO",,1,5,,,"Y",,,0,0.991692472575782,428
"429",242631,"21_21",1,"TO",631,"LIDE3","Tanoak","TO",,1,5,,,"Y",,,0,0.991692472575782,429
"430",242631,"21_21",1,"TO",631,"LIDE3","Tanoak","TO",,1,5,,,"Y",,,0,0.991692472575782,430
"431",242631,"21_21",1,"TO",631,"LIDE3","Tanoak","TO",,1,5,,,"Y",,,0,0.991692472575782,431
"432",242631,"21_21",1,"TO",631,"LIDE3","Tanoak","TO",,1,5,,,"Y",,,0,0.991692472575782,432
"433",242631,"21_21",2,"TO",631,"LIDE3","Tanoak","TO",,2,19,,,"Y",,,0.3,0.991692472575782,433
"434",242631,"21_21",1,"TO",631,"LIDE3","Tanoak","TO",,1,5,,,"Y",,,0,0.991692472575782,434
"435",242631,"21_21",1,"TO",631,"LIDE3","Tanoak","TO",,1,5,,,"Y",,,0,0.991692472575782,435
"436",242631,"21_21",1,"TO",631,"LIDE3","Tanoak","TO",,1,5,,,"Y",,,0,0.991692472575782,436
"437",242631,"21_21",1,"TO",631,"LIDE3","Tanoak","TO",,1,5,,,"Y",,,0,0.991692472575782,437
"438",242631,"21_21",15,"DF",202,"PSME","Douglas-fir","DF",42,6.6,42,85,1,"Y",0,0,4.1,0.158670795612125,438
"439",242631,"21_21",21,"DF",202,"PSME","Douglas-fir","DF",28,7.5,52,85,1,"Y",0,0,6.6,0.158670795612125,439
"440",242631,"21_21",1,"DF",202,"PSME","Douglas-fir","DF",67,8,44,80,1,"Y",0,0,6.2,0.158670795612125,440
"441",242631,"21_21",7,"DF",202,"PSME","Douglas-fir","DF",14,8,42,85,1,"Y",0,0,6,0.158670795612125,441
"442",242631,"21_21",1,"TO",631,"LIDE3","Tanoak","TO",,1,5,,,"Y",,,0,0.991692472575782,442
"443",242631,"21_21",1,"TO",631,"LIDE3","Tanoak","TO",,1,5,,,"Y",,,0,0.991692472575782,443
"444",242631,"21_21",1,"TO",631,"LIDE3","Tanoak","TO",,1,5,,,"Y",,,0,0.991692472575782,444
"445",242631,"21_21",1,"TO",631,"LIDE3","Tanoak","TO",,1,5,,,"Y",,,0,0.991692472575782,445
"446",242631,"21_21",1,"TO",631,"LIDE3","Tanoak","TO",,1,5,,,"Y",,,0,0.991692472575782,446
"447",242631,"21_21",3,"DF",202,"PSME","Douglas-fir","DF",71,5.5,30,65,1,"Y",0,0,2.2,0.158670795612125,447
"448",242631,"21_21",1,"TO",631,"LIDE3","Tanoak","TO",,1,5,,,"Y",,,0,0.991692472575782,448
"449",242631,"21_21",1,"TO",631,"LIDE3","Tanoak","TO",,1,5,,,"Y",,,0,0.991692472575782,449
"450",242631,"21_21",1,"TO",631,"LIDE3","Tanoak","TO",,1,5,,,"Y",,,0,0.991692472575782,450
"451",242631,"21_21",1,"TO",631,"LIDE3","Tanoak","TO",,1,5,,,"Y",,,0,0.991692472575782,451
"452",242631,"21_21",1,"TO",631,"LIDE3","Tanoak","TO",,1,5,,,"Y",,,0,0.991692472575782,452
"453",242631,"21_21",1,"TO",631,"LIDE3","Tanoak","TO",,1,5,,,"Y",,,0,0.991692472575782,453
"454",242631,"21_21",3,"RA",351,"ALRU","Red alder","RA",,1,17,,,"Y",,,0,0.991692472575782,454
"455",242631,"21_21",1,"TO",631,"LIDE3","Tanoak","TO",,1,5,,,"Y",,,0,0.991692472575782,455
"456",242631,"21_21",1,"TO",631,"LIDE3","Tanoak","TO",,1,5,,,"Y",,,0,0.991692472575782,456
"457",242631,"21_21",19,"DF",202,"PSME","Douglas-fir","DF",3,6.9,40,85,1,"Y",0,0,4.3,0.158670795612125,457
"458",242631,"21_21",20,"DF",202,"PSME","Douglas-fir","DF",31,7.2,43,85,1,"Y",0,0,5,0.158670795612125,458
"459",242631,"21_21",2,"DF",202,"PSME","Douglas-fir","DF",81,5.8,44,80,1,"Y",0,0,3.4,0.158670795612125,459
"460",242631,"21_21",1,"TO",631,"LIDE3","Tanoak","TO",,1,5,,,"Y",,,0,0.991692472575782,460
"461",242631,"21_21",1,"TO",631,"LIDE3","Tanoak","TO",,1,5,,,"Y",,,0,0.991692472575782,461
"462",242631,"21_21",2,"TO",631,"LIDE3","Tanoak","TO",,2,19,,,"Y",,,0.3,0.991692472575782,462
"463",242631,"21_21",1,"TO",631,"LIDE3","Tanoak","TO",,1,5,,,"Y",,,0,0.991692472575782,463
"464",242631,"21_21",18,"DF",202,"PSME","Douglas-fir","DF",18,9.1,53,85,1,"Y",0,0,9.5,0.158670795612125,464
"465",242631,"21_21",1,"TO",631,"LIDE3","Tanoak","TO",,1,5,,,"Y",,,0,0.991692472575782,465
"466",242631,"21_24",4,"OM",981,"UMCA","Oregon myrtle","OM",,1,18,,,"Y",,,0,0.494147905117447,466
"467",242631,"21_24",25,"DF",202,"PSME","Douglas-fir","DF",48,11.2,44,60,3,"Y",0,0,11.7,0.0790636648187916,467
"468",242631,"21_24",10,"DF",202,"PSME","Douglas-fir","DF",6,10.5,62,70,1,"Y",0,0,14.6,0.0790636648187916,468
"469",242631,"21_24",1,"DF",202,"PSME","Douglas-fir","DF",56,12.2,70,75,1,"Y",0,0,21.9,0.0790636648187916,469
"470",242631,"21_24",15,"DF",202,"PSME","Douglas-fir","DF",49,9.5,54,80,1,"Y",0,0,10.5,0.0790636648187916,470
"471",242631,"21_24",4,"OM",981,"UMCA","Oregon myrtle","OM",,1,18,,,"Y",,,0,0.494147905117447,471
"472",242631,"21_24",16,"DF",202,"PSME","Douglas-fir","DF",56,10.8,61,70,1,"Y",0,0,15.1,0.0790636648187916,472
"473",242631,"21_24",4,"OM",981,"UMCA","Oregon myrtle","OM",,1,18,,,"Y",,,0,0.494147905117447,473
"474",242631,"21_24",4,"OM",981,"UMCA","Oregon myrtle","OM",,1,18,,,"Y",,,0,0.494147905117447,474
"475",242631,"21_24",23,"DF",202,"PSME","Douglas-fir","DF",41,11.3,66,65,1,"Y",0,0,17.9,0.0790636648187916,475
"476",242631,"21_24",3,"OM",981,"UMCA","Oregon myrtle","OM",,3,28,,,"Y",,,0.7,0.494147905117447,476
"477",242631,"21_24",5,"DF",202,"PSME","Douglas-fir","DF",66,9.8,42,65,3,"Y",0,0,8.7,0.0790636648187916,477
"478",242631,"21_24",3,"OM",981,"UMCA","Oregon myrtle","OM",,3,28,,,"Y",,,0.7,0.494147905117447,478
"479",242631,"21_24",4,"OM",981,"UMCA","Oregon myrtle","OM",,1,18,,,"Y",,,0,0.494147905117447,479
"480",242631,"21_24",2,"OM",981,"UMCA","Oregon myrtle","OM",,4,36,,,"Y",,,2.5,0.494147905117447,480
"481",242631,"21_24",12,"DF",202,"PSME","Douglas-fir","DF",21,13.4,70,70,1,"Y",0,0,25.8,0.0790636648187916,481
"482",242631,"21_24",21,"DF",202,"PSME","Douglas-fir","DF",10,11.3,61,70,1,"Y",0,0,16.4,0.0790636648187916,482
"483",242631,"21_24",2,"OM",981,"UMCA","Oregon myrtle","OM",,4,36,,,"Y",,,2.5,0.494147905117447,483
"484",242631,"21_24",2,"OM",981,"UMCA","Oregon myrtle","OM",,4,36,,,"Y",,,2.5,0.494147905117447,484
"485",242631,"21_24",4,"OM",981,"UMCA","Oregon myrtle","OM",,1,18,,,"Y",,,0,0.494147905117447,485
"486",242631,"21_24",2,"OM",981,"UMCA","Oregon myrtle","OM",,4,36,,,"Y",,,2.5,0.494147905117447,486
"487",242631,"21_24",9,"DF",202,"PSME","Douglas-fir","DF",34,9.7,61,65,1,"Y",0,0,12.5,0.0790636648187916,487
"488",242631,"21_24",1,"OM",981,"UMCA","Oregon myrtle","OM",,5,34,,,"Y",,,3.8,0.494147905117447,488
"489",242631,"21_24",13,"DF",202,"PSME","Douglas-fir","DF",25,7.4,50,60,1,"Y",0,0,6.1,0.0790636648187916,489
"490",242631,"21_24",4,"OM",981,"UMCA","Oregon myrtle","OM",,1,18,,,"Y",,,0,0.494147905117447,490
"491",242631,"21_24",4,"DF",202,"PSME","Douglas-fir","DF",63,13.2,69,75,1,"Y",0,0,24.8,0.0790636648187916,491
"492",242631,"21_24",4,"OM",981,"UMCA","Oregon myrtle","OM",,1,18,,,"Y",,,0,0.494147905117447,492
"493",242631,"21_24",19,"DF",202,"PSME","Douglas-fir","DF",32,12.8,70,65,1,"Y",0,0,23.9,0.0790636648187916,493
"494",242631,"21_24",2,"OM",981,"UMCA","Oregon myrtle","OM",,4,36,,,"Y",,,2.5,0.494147905117447,494
"495",242631,"21_24",4,"OM",981,"UMCA","Oregon myrtle","OM",,1,18,,,"Y",,,0,0.494147905117447,495
"496",242631,"21_24",4,"OM",981,"UMCA","Oregon myrtle","OM",,1,18,,,"Y",,,0,0.494147905117447,496
"497",242631,"21_24",4,"OM",981,"UMCA","Oregon myrtle","OM",,1,18,,,"Y",,,0,0.494147905117447,497
"498",242631,"21_24",24,"DF",202,"PSME","Douglas-fir","DF",42,11.2,57,70,1,"Y",0,0,15,0.0790636648187916,498
"499",242631,"21_24",18,"OM",981,"UMCA","Oregon myrtle","OM",61,5.7,36,85,1,"Y",0,0,5,0.0790636648187916,499
"500",242631,"21_24",5,"OM",981,"UMCA","Oregon myrtle","OM",,2,25,,,"Y",,,0.3,0.494147905117447,500
"501",242631,"21_24",3,"OM",981,"UMCA","Oregon myrtle","OM",,3,28,,,"Y",,,0.7,0.494147905117447,501
"502",242631,"21_24",2,"OM",981,"UMCA","Oregon myrtle","OM",,4,36,,,"Y",,,2.5,0.494147905117447,502
"503",242631,"21_24",1,"OM",981,"UMCA","Oregon myrtle","OM",,5,34,,,"Y",,,3.8,0.494147905117447,503
"504",242631,"21_24",4,"OM",981,"UMCA","Oregon myrtle","OM",,1,18,,,"Y",,,0,0.494147905117447,504
"505",242631,"21_24",14,"DF",202,"PSME","Douglas-fir","DF",39,7.3,55,50,1,"Y",0,0,6.6,0.0790636648187916,505
"506",242631,"21_24",4,"OM",981,"UMCA","Oregon myrtle","OM",,1,18,,,"Y",,,0,0.494147905117447,506
"507",242631,"21_24",17,"BM",312,"ACMA","Bigleaf maple","BM",51,7.1,40,70,1,"Y",0,0,6.7,0.0790636648187916,507
"508",242631,"21_24",22,"DF",202,"PSME","Douglas-fir","DF",29,16,60,75,1,"Y",0,0,29.9,0.0790636648187916,508
"509",242631,"21_24",3,"DF",202,"PSME","Douglas-fir","DF",58,8.7,60,35,1,"Y",0,0,10.1,0.0790636648187916,509
"510",242631,"21_24",11,"DF",202,"PSME","Douglas-fir","DF",18,10.4,63,65,1,"Y",0,0,14.6,0.0790636648187916,510
"511",242631,"21_24",4,"OM",981,"UMCA","Oregon myrtle","OM",,1,18,,,"Y",,,0,0.494147905117447,511
"512",242631,"21_24",4,"OM",981,"UMCA","Oregon myrtle","OM",,1,18,,,"Y",,,0,0.494147905117447,512
"513",242631,"21_24",6,"DF",202,"PSME","Douglas-fir","DF",57,9.9,56,75,1,"Y",0,0,11.8,0.0790636648187916,513
"514",242631,"21_24",1,"OM",981,"UMCA","Oregon myrtle","OM",,5,34,,,"Y",,,3.8,0.494147905117447,514
"515",242631,"21_24",7,"DF",202,"PSME","Douglas-fir","DF",41,9,52,75,1,"Y",0,0,9.2,0.0790636648187916,515
"516",242631,"21_24",1,"OM",981,"UMCA","Oregon myrtle","OM",,5,34,,,"Y",,,3.8,0.494147905117447,516
"517",242631,"21_24",2,"DF",202,"PSME","Douglas-fir","DF",64,11,64,75,1,"Y",0,0,16.5,0.0790636648187916,517
"518",242631,"21_24",20,"DF",202,"PSME","Douglas-fir","DF",4,13.5,62,75,1,"Y",0,0,22.9,0.0790636648187916,518
"519",242631,"21_24",8,"DF",202,"PSME","Douglas-fir","DF",47,9.1,62,70,1,"Y",0,0,11.4,0.0790636648187916,519
"520",242631,"21_26",2,"DF",202,"PSME","Douglas-fir","DF",58,10.1,59,85,1,"Y",0,0,12.9,0.0522827704030908,520
"521",242631,"21_26",1,"RA",351,"ALRU","Red alder","RA",,1,6,,,"Y",,,0,0.326767315019317,521
"522",242631,"21_26",3,"DF",202,"PSME","Douglas-fir","DF",51,10,58,85,1,"Y",0,0,12.4,0.0522827704030908,522
"523",242631,"21_26",1,"RA",351,"ALRU","Red alder","RA",,1,6,,,"Y",,,0,0.326767315019317,523
"524",242631,"21_26",1,"DF",202,"PSME","Douglas-fir","DF",70,11.3,61,85,1,"Y",0,0,16.4,0.0522827704030908,524
"525",242631,"21_26",1,"RA",351,"ALRU","Red alder","RA",,1,6,,,"Y",,,0,0.326767315019317,525
"526",242631,"21_26",1,"RA",351,"ALRU","Red alder","RA",,1,6,,,"Y",,,0,0.326767315019317,526
"527",242631,"21_26",7,"DF",202,"PSME","Douglas-fir","DF",40,10,56,85,1,"Y",0,0,12,0.0522827704030908,527
"528",242631,"21_26",1,"RA",351,"ALRU","Red alder","RA",,1,6,,,"Y",,,0,0.326767315019317,528
"529",242631,"21_26",1,"RA",351,"ALRU","Red alder","RA",,1,6,,,"Y",,,0,0.326767315019317,529
"530",242631,"21_26",8,"DF",202,"PSME","Douglas-fir","DF",53,12,55,85,1,"Y",0,0,16.4,0.0522827704030908,530
"531",242631,"21_26",1,"RA",351,"ALRU","Red alder","RA",,1,6,,,"Y",,,0,0.326767315019317,531
"532",242631,"21_26",6,"DF",202,"PSME","Douglas-fir","DF",10,12.9,66,85,1,"Y",0,0,22.6,0.0522827704030908,532
"533",242631,"21_26",1,"RA",351,"ALRU","Red alder","RA",,1,6,,,"Y",,,0,0.326767315019317,533
"534",242631,"21_26",1,"RA",351,"ALRU","Red alder","RA",,1,6,,,"Y",,,0,0.326767315019317,534
"535",242631,"21_26",1,"RA",351,"ALRU","Red alder","RA",,1,6,,,"Y",,,0,0.326767315019317,535
"536",242631,"21_26",1,"RA",351,"ALRU","Red alder","RA",,1,6,,,"Y",,,0,0.326767315019317,536
"537",242631,"21_26",1,"RA",351,"ALRU","Red alder","RA",,1,6,,,"Y",,,0,0.326767315019317,537
"538",242631,"21_26",5,"DF",202,"PSME","Douglas-fir","DF",22,13.9,69,85,1,"Y",0,0,27.1,0.0522827704030908,538
"539",242631,"21_26",1,"RA",351,"ALRU","Red alder","RA",,1,6,,,"Y",,,0,0.326767315019317,539
"540",242631,"21_26",4,"DF",202,"PSME","Douglas-fir","DF",45,12.7,62,85,1,"Y",0,0,20.5,0.0522827704030908,540
"541",242631,"22_15",19,"DF",202,"PSME","Douglas-fir","DF",32,8.9,45,60,1,"Y",0,0,7.8,0.0541352168322069,541
"542",242631,"22_15",4,"DF",202,"PSME","Douglas-fir","DF",4,8.7,59,60,1,"Y",0,0,9.9,0.0541352168322069,542
"543",242631,"22_15",3,"DF",202,"PSME","Douglas-fir","DF",28,5.7,51,55,1,"Y",0,0,3.9,0.0541352168322069,543
"544",242631,"22_15",17,"DF",202,"PSME","Douglas-fir","DF",47,8,53,70,1,"Y",0,0,7.6,0.0541352168322069,544
"545",242631,"22_15",5,"DF",202,"PSME","Douglas-fir","DF",18,7.8,62,60,1,"Y",0,0,8.6,0.0541352168322069,545
"546",242631,"22_15",6,"DF",202,"PSME","Douglas-fir","DF",3,6.7,52,75,1,"Y",0,0,5.3,0.0541352168322069,546
"547",242631,"22_15",18,"DF",202,"PSME","Douglas-fir","DF",35,8.8,56,70,1,"Y",0,0,9.5,0.0541352168322069,547
"548",242631,"22_15",2,"DF",202,"PSME","Douglas-fir","DF",21,7,56,65,1,"Y",0,0,6.3,0.0541352168322069,548
"549",242631,"22_15",23,"DF",202,"PSME","Douglas-fir","DF",15,10.9,61,75,1,"Y",0,0,15.3,0.0541352168322069,549
"550",242631,"22_15",20,"DF",202,"PSME","Douglas-fir","DF",17,9.9,62,60,1,"Y",0,0,13.2,0.0541352168322069,550
"551",242631,"22_15",21,"DF",202,"PSME","Douglas-fir","DF",1,10,61,70,1,"Y",0,0,13.2,0.0541352168322069,551
"552",242631,"22_15",25,"DF",202,"PSME","Douglas-fir","DF",27,10.9,61,70,1,"Y",0,0,15.3,0.0541352168322069,552
"553",242631,"22_15",16,"DF",202,"PSME","Douglas-fir","DF",46,8.7,49,55,1,"Y",0,0,8.1,0.0541352168322069,553
"554",242631,"22_15",22,"DF",202,"PSME","Douglas-fir","DF",14,6.7,45,45,1,"Y",0,0,4.6,0.0541352168322069,554
"555",242631,"22_15",26,"DF",202,"PSME","Douglas-fir","DF",2,7.7,53,55,1,"Y",0,0,7,0.0541352168322069,555
"556",242631,"22_15",14,"DF",202,"PSME","Douglas-fir","DF",45,9.3,53,75,1,"Y",0,0,9.9,0.0541352168322069,556
"557",242631,"22_15",7,"DF",202,"PSME","Douglas-fir","DF",1,24.7,128,40,1,"Y",0,0,153.2,0.0541352168322069,557
"558",242631,"22_15",8,"DF",202,"PSME","Douglas-fir","DF",1,7.2,51,65,1,"Y",0,0,6,0.0541352168322069,558
"559",242631,"22_15",24,"DF",202,"PSME","Douglas-fir","DF",26,6.9,53,60,1,"Y",0,0,5.7,0.0541352168322069,559
"560",242631,"22_15",10,"WH",263,"TSHE","Western hemlock","WH",21,7.1,41,80,1,"Y",0,0,4.7,0.0541352168322069,560
"561",242631,"22_15",15,"DF",202,"PSME","Douglas-fir","DF",36,5.7,44,60,1,"Y",0,0,3.3,0.0541352168322069,561
"562",242631,"22_15",13,"DF",202,"PSME","Douglas-fir","DF",43,6,44,50,1,"Y",0,0,3.6,0.0541352168322069,562
"563",242631,"22_15",1,"DF",202,"PSME","Douglas-fir","DF",30,7.7,53,60,1,"Y",0,0,7,0.0541352168322069,563
"564",242631,"22_15",12,"DF",202,"PSME","Douglas-fir","DF",35,9,55,55,1,"Y",0,0,9.7,0.0541352168322069,564
"565",242631,"22_15",11,"DF",202,"PSME","Douglas-fir","DF",37,8.6,48,70,1,"Y",0,0,7.8,0.0541352168322069,565
"566",242631,"22_15",9,"DF",202,"PSME","Douglas-fir","DF",23,7.4,51,50,1,"Y",0,0,6.3,0.0541352168322069,566
"567",242631,"22_15",27,"DF",202,"PSME","Douglas-fir","DF",30,8.7,55,45,1,"Y",0,0,9.2,0.0541352168322069,567
"568",242631,"22_19",24,"DF",202,"PSME","Douglas-fir","DF",66,7.5,59,35,1,"Y",0,0,7.6,0.0258423862862555,568
"569",242631,"22_19",49,"DF",202,"PSME","Douglas-fir","DF",70,6.7,52,30,1,"Y",0,0,5.3,0.0258423862862555,569
"570",242631,"22_19",7,"BM",312,"ACMA","Bigleaf maple","BM",26,9.3,54,40,1,"Y",0,0,14.4,0.0258423862862555,570
"571",242631,"22_19",17,"DF",202,"PSME","Douglas-fir","DF",45,7.3,48,35,1,"Y",0,0,5.7,0.0258423862862555,571
"572",242631,"22_19",22,"DF",202,"PSME","Douglas-fir","DF",69,7.5,59,30,1,"Y",0,0,7.6,0.0258423862862555,572
"573",242631,"22_19",31,"DF",202,"PSME","Douglas-fir","DF",16,5.6,46,25,1,"Y",0,0,3.3,0.0258423862862555,573
"574",242631,"22_19",2,"GC",431,"CACH","Golden chinkapin","OtherBroadLeaved",,4,24,,,"Y",,,1,0.161514914289097,574
"575",242631,"22_19",30,"DF",202,"PSME","Douglas-fir","DF",9,6.1,48,25,1,"Y",0,0,4.1,0.0258423862862555,575
"576",242631,"22_19",2,"GC",431,"CACH","Golden chinkapin","OtherBroadLeaved",,4,24,,,"Y",,,1,0.161514914289097,576
"577",242631,"22_19",43,"DF",202,"PSME","Douglas-fir","DF",78,5.9,56,20,1,"Y",0,0,4.6,0.0258423862862555,577
"578",242631,"22_19",12,"DF",202,"PSME","Douglas-fir","DF",32,6.7,56,25,1,"Y",0,0,5.8,0.0258423862862555,578
"579",242631,"22_19",2,"DF",202,"PSME","Douglas-fir","DF",70,6.3,53,25,1,"Y",0,0,4.8,0.0258423862862555,579
"580",242631,"22_19",6,"DF",202,"PSME","Douglas-fir","DF",,4,40,,,"Y",,,1.5,0.161514914289097,580
"581",242631,"22_19",25,"DF",202,"PSME","Douglas-fir","DF",69,6.2,63,30,1,"Y",0,0,5.7,0.0258423862862555,581
"582",242631,"22_19",11,"DF",202,"PSME","Douglas-fir","DF",17,9.1,59,30,1,"Y",0,0,10.7,0.0258423862862555,582
"583",242631,"22_19",44,"GC",431,"CACH","Golden chinkapin","OtherBroadLeaved",77,6.8,46,35,1,"Y",0,0,7.1,0.0258423862862555,583
"584",242631,"22_19",26,"DF",202,"PSME","Douglas-fir","DF",66,10.1,66,35,1,"Y",0,0,14.7,0.0258423862862555,584
"585",242631,"22_19",29,"DF",202,"PSME","Douglas-fir","DF",38,6.5,51,30,1,"Y",0,0,4.9,0.0258423862862555,585
"586",242631,"22_19",38,"GC",431,"CACH","Golden chinkapin","OtherBroadLeaved",78,9.1,50,40,1,"Y",0,0,13.1,0.0258423862862555,586
"587",242631,"22_19",40,"GC",431,"CACH","Golden chinkapin","OtherBroadLeaved",79,7.3,43,35,1,"Y",0,0,8,0.0258423862862555,587
"588",242631,"22_19",34,"DF",202,"PSME","Douglas-fir","DF",18,7.4,55,35,1,"Y",0,0,6.8,0.0258423862862555,588
"589",242631,"22_19",27,"DF",202,"PSME","Douglas-fir","DF",70,8.3,55,35,1,"Y",0,0,8.4,0.0258423862862555,589
"590",242631,"22_19",47,"DF",202,"PSME","Douglas-fir","DF",80,5.6,56,25,1,"Y",0,0,4.1,0.0258423862862555,590
"591",242631,"22_19",21,"DF",202,"PSME","Douglas-fir","DF",67,6.1,54,35,1,"Y",0,0,4.7,0.0258423862862555,591
"592",242631,"22_19",1,"DF",202,"PSME","Douglas-fir","DF",70,5.5,55,20,1,"Y",0,0,3.9,0.0258423862862555,592
"593",242631,"22_19",42,"GC",431,"CACH","Golden chinkapin","OtherBroadLeaved",78,12.9,52,40,1,"Y",0,0,26.7,0.0258423862862555,593
"594",242631,"22_19",10,"DF",202,"PSME","Douglas-fir","DF",8,11.5,65,85,1,"Y",0,0,18.1,0.0258423862862555,594
"595",242631,"22_19",48,"DF",202,"PSME","Douglas-fir","DF",70,7.9,61,30,1,"Y",0,0,8.6,0.0258423862862555,595
"596",242631,"22_19",36,"DF",202,"PSME","Douglas-fir","DF",80,7.1,60,35,1,"Y",0,0,7,0.0258423862862555,596
"597",242631,"22_19",3,"GC",431,"CACH","Golden chinkapin","OtherBroadLeaved",,3,22,,,"Y",,,0.5,0.161514914289097,597
"598",242631,"22_19",45,"GC",431,"CACH","Golden chinkapin","OtherBroadLeaved",85,6,44,35,1,"Y",0,0,5.4,0.0258423862862555,598
"599",242631,"22_19",3,"GC",431,"CACH","Golden chinkapin","OtherBroadLeaved",,3,22,,,"Y",,,0.5,0.161514914289097,599
"600",242631,"22_19",3,"GC",431,"CACH","Golden chinkapin","OtherBroadLeaved",,3,22,,,"Y",,,0.5,0.161514914289097,600
"601",242631,"22_19",9,"BM",312,"ACMA","Bigleaf maple","BM",16,9,44,40,1,"Y",0,0,11.9,0.0258423862862555,601
"602",242631,"22_19",28,"DF",202,"PSME","Douglas-fir","DF",56,7.9,61,30,1,"Y",0,0,8.6,0.0258423862862555,602
"603",242631,"22_19",37,"GC",431,"CACH","Golden chinkapin","OtherBroadLeaved",80,7,46,35,1,"Y",0,0,7.5,0.0258423862862555,603
"604",242631,"22_19",15,"DF",202,"PSME","Douglas-fir","DF",35,7.5,60,35,1,"Y",0,0,7.7,0.0258423862862555,604
"605",242631,"22_19",14,"DF",202,"PSME","Douglas-fir","DF",37,9.3,69,20,1,"Y",0,0,13.4,0.0258423862862555,605
"606",242631,"22_19",23,"DF",202,"PSME","Douglas-fir","DF",24,6.5,53,35,1,"Y",0,0,5.1,0.0258423862862555,606
"607",242631,"22_19",41,"GC",431,"CACH","Golden chinkapin","OtherBroadLeaved",77,7.5,44,35,1,"Y",0,0,8.5,0.0258423862862555,607
"608",242631,"22_19",20,"DF",202,"PSME","Douglas-fir","DF",58,9.3,58,30,1,"Y",0,0,10.9,0.0258423862862555,608
"609",242631,"22_19",4,"GC",431,"CACH","Golden chinkapin","OtherBroadLeaved",,2,12,,,"Y",,,0.1,0.161514914289097,609
"610",242631,"22_19",35,"DF",202,"PSME","Douglas-fir","DF",21,6.1,47,30,1,"Y",0,0,4,0.0258423862862555,610
"611",242631,"22_19",3,"DF",202,"PSME","Douglas-fir","DF",68,6.7,54,25,1,"Y",0,0,5.5,0.0258423862862555,611
"612",242631,"22_19",13,"DF",202,"PSME","Douglas-fir","DF",34,6.7,76,20,1,"Y",0,0,8.3,0.0258423862862555,612
"613",242631,"22_19",18,"DF",202,"PSME","Douglas-fir","DF",44,7.8,53,35,1,"Y",0,0,7.2,0.0258423862862555,613
"614",242631,"22_19",7,"DF",202,"PSME","Douglas-fir","DF",,3,29,,,"Y",,,0.6,0.161514914289097,614
"615",242631,"22_19",6,"DF",202,"PSME","Douglas-fir","DF",18,8.7,59,40,1,"Y",0,0,9.9,0.0258423862862555,615
"616",242631,"22_19",46,"DF",202,"PSME","Douglas-fir","DF",80,7.2,56,35,1,"Y",0,0,6.6,0.0258423862862555,616
"617",242631,"22_19",4,"DF",202,"PSME","Douglas-fir","DF",39,10,61,40,1,"Y",0,0,13.2,0.0258423862862555,617
"618",242631,"22_19",5,"DF",202,"PSME","Douglas-fir","DF",51,9.5,66,35,1,"Y",0,0,13.2,0.0258423862862555,618
"619",242631,"22_19",1,"GC",431,"CACH","Golden chinkapin","OtherBroadLeaved",,5,28,,,"Y",,,1.9,0.161514914289097,619
"620",242631,"22_19",5,"DF",202,"PSME","Douglas-fir","DF",,5,44,,,"Y",,,2.6,0.161514914289097,620
"621",242631,"22_19",32,"DF",202,"PSME","Douglas-fir","DF",24,6.4,51,30,1,"Y",0,0,4.8,0.0258423862862555,621
"622",242631,"22_19",33,"DF",202,"PSME","Douglas-fir","DF",21,5.5,50,30,1,"Y",0,0,3.5,0.0258423862862555,622
"623",242631,"22_19",16,"DF",202,"PSME","Douglas-fir","DF",35,7.6,61,35,1,"Y",0,0,8,0.0258423862862555,623
"624",242631,"22_19",6,"DF",202,"PSME","Douglas-fir","DF",,4,40,,,"Y",,,1.5,0.161514914289097,624
"625",242631,"22_19",8,"BM",312,"ACMA","Bigleaf maple","BM",24,6.4,47,40,1,"Y",0,0,5.8,0.0258423862862555,625
"626",242631,"22_19",39,"GC",431,"CACH","Golden chinkapin","OtherBroadLeaved",70,7.6,45,35,1,"Y",0,0,8.8,0.0258423862862555,626
"627",242631,"22_19",6,"DF",202,"PSME","Douglas-fir","DF",,4,40,,,"Y",,,1.5,0.161514914289097,627
"628",242631,"22_19",19,"DF",202,"PSME","Douglas-fir","DF",56,11.9,76,30,1,"Y",0,0,23.2,0.0258423862862555,628
"629",242631,"22_21",8,"DF",202,"PSME","Douglas-fir","DF",29,9.4,52,85,1,"Y",0,0,9.9,0.0533077677868879,629
"630",242631,"22_21",4,"BM",312,"ACMA","Bigleaf maple","BM",,3,21,,,"Y",,,0.7,0.33317354866805,630
"631",242631,"22_21",10,"DF",202,"PSME","Douglas-fir","DF",10,8,52,80,1,"Y",0,0,7.4,0.0533077677868879,631
"632",242631,"22_21",24,"DF",202,"PSME","Douglas-fir","DF",34,9,54,80,1,"Y",0,0,9.5,0.0533077677868879,632
"633",242631,"22_21",22,"DF",202,"PSME","Douglas-fir","DF",12,11.5,59,70,3,"Y",0,0,16.3,0.0533077677868879,633
"634",242631,"22_21",13,"DF",202,"PSME","Douglas-fir","DF",36,7,48,85,1,"Y",0,0,5.3,0.0533077677868879,634
"635",242631,"22_21",3,"BM",312,"ACMA","Bigleaf maple","BM",,1,14,,,"Y",,,0,0.33317354866805,635
"636",242631,"22_21",11,"DF",202,"PSME","Douglas-fir","DF",16,6.6,54,80,1,"Y",0,0,5.4,0.0533077677868879,636
"637",242631,"22_21",3,"BM",312,"ACMA","Bigleaf maple","BM",,1,14,,,"Y",,,0,0.33317354866805,637
"638",242631,"22_21",1,"BM",312,"ACMA","Bigleaf maple","BM",,4,36,,,"Y",,,1.7,0.33317354866805,638
"639",242631,"22_21",3,"BM",312,"ACMA","Bigleaf maple","BM",,1,14,,,"Y",,,0,0.33317354866805,639
"640",242631,"22_21",1,"DF",202,"PSME","Douglas-fir","DF",42,10,49,75,1,"Y",0,0,10.5,0.0533077677868879,640
"641",242631,"22_21",5,"DF",202,"PSME","Douglas-fir","DF",40,6.2,41,80,1,"Y",0,0,3.6,0.0533077677868879,641
"642",242631,"22_21",15,"DF",202,"PSME","Douglas-fir","DF",43,7.4,46,70,3,"Y",0,0,5.6,0.0533077677868879,642
"643",242631,"22_21",6,"DF",202,"PSME","Douglas-fir","DF",42,10.5,59,75,1,"Y",0,0,13.8,0.0533077677868879,643
"644",242631,"22_21",19,"DF",202,"PSME","Douglas-fir","DF",15,10.5,57,70,1,"Y",0,0,13.3,0.0533077677868879,644
"645",242631,"22_21",14,"DF",202,"PSME","Douglas-fir","DF",43,5.6,46,60,1,"Y",0,0,3.3,0.0533077677868879,645
"646",242631,"22_21",3,"BM",312,"ACMA","Bigleaf maple","BM",,1,14,,,"Y",,,0,0.33317354866805,646
"647",242631,"22_21",2,"BM",312,"ACMA","Bigleaf maple","BM",,2,20,,,"Y",,,0.3,0.33317354866805,647
"648",242631,"22_21",2,"BM",312,"ACMA","Bigleaf maple","BM",,2,20,,,"Y",,,0.3,0.33317354866805,648
"649",242631,"22_21",2,"BM",312,"ACMA","Bigleaf maple","BM",,2,20,,,"Y",,,0.3,0.33317354866805,649
"650",242631,"22_21",7,"DF",202,"PSME","Douglas-fir","DF",34,11.2,51,85,3,"Y",0,0,13.4,0.0533077677868879,650
"651",242631,"22_21",3,"BM",312,"ACMA","Bigleaf maple","BM",,1,14,,,"Y",,,0,0.33317354866805,651
"652",242631,"22_21",3,"BM",312,"ACMA","Bigleaf maple","BM",,1,14,,,"Y",,,0,0.33317354866805,652
"653",242631,"22_21",3,"DF",202,"PSME","Douglas-fir","DF",48,8.7,49,70,1,"Y",0,0,8.1,0.0533077677868879,653
"654",242631,"22_21",12,"BM",312,"ACMA","Bigleaf maple","BM",11,9.4,53,75,1,"Y",0,0,14.6,0.0533077677868879,654
"655",242631,"22_21",18,"DF",202,"PSME","Douglas-fir","DF",24,10.5,59,70,1,"Y",0,0,13.8,0.0533077677868879,655
"656",242631,"22_21",4,"DF",202,"PSME","Douglas-fir","DF",44,8.5,50,65,1,"Y",0,0,7.9,0.0533077677868879,656
"657",242631,"22_21",4,"BM",312,"ACMA","Bigleaf maple","BM",,3,21,,,"Y",,,0.7,0.33317354866805,657
"658",242631,"22_21",3,"BM",312,"ACMA","Bigleaf maple","BM",,1,14,,,"Y",,,0,0.33317354866805,658
"659",242631,"22_21",2,"DF",202,"PSME","Douglas-fir","DF",44,10.4,54,80,1,"Y",0,0,12.4,0.0533077677868879,659
"660",242631,"22_21",21,"DF",202,"PSME","Douglas-fir","DF",7,6.5,39,65,1,"Y",0,0,3.8,0.0533077677868879,660
"661",242631,"22_21",2,"BM",312,"ACMA","Bigleaf maple","BM",,2,20,,,"Y",,,0.3,0.33317354866805,661
"662",242631,"22_21",23,"DF",202,"PSME","Douglas-fir","DF",24,8.3,49,75,1,"Y",0,0,7.4,0.0533077677868879,662
"663",242631,"22_21",17,"DF",202,"PSME","Douglas-fir","DF",27,7.7,50,75,1,"Y",0,0,6.6,0.0533077677868879,663
"664",242631,"22_21",9,"DF",202,"PSME","Douglas-fir","DF",25,8.2,50,85,1,"Y",0,0,7.4,0.0533077677868879,664
"665",242631,"22_21",3,"BM",312,"ACMA","Bigleaf maple","BM",,1,14,,,"Y",,,0,0.33317354866805,665
"666",242631,"22_21",16,"DF",202,"PSME","Douglas-fir","DF",39,10.6,55,70,3,"Y",0,0,13.1,0.0533077677868879,666
"667",242631,"22_21",20,"DF",202,"PSME","Douglas-fir","DF",7,8.2,43,50,1,"Y",0,0,6.4,0.0533077677868879,667
"668",242631,"22_26",7,"WH",263,"TSHE","Western hemlock","WH",28,6.6,45,70,1,"Y",0,0,4.6,0.0528247623837772,668
"669",242631,"22_26",4,"WH",263,"TSHE","Western hemlock","WH",33,6.7,46,70,1,"Y",0,0,4.8,0.0528247623837772,669
"670",242631,"22_26",1,"RC",242,"THPL","Western redcedar","RC",50,38.6,112,80,1,"Y",0,0,249.4,0.0528247623837772,670
"671",242631,"22_26",11,"DF",202,"PSME","Douglas-fir","DF",53,29.4,157,60,1,"Y",0,0,250.8,0.0528247623837772,671
"672",242631,"22_26",1,"DF",202,"PSME","Douglas-fir","DF",,4,35,,,"Y",,,1.3,0.330154764898608,672
"673",242631,"22_26",6,"WH",263,"TSHE","Western hemlock","WH",32,7,48,70,1,"Y",0,0,5.5,0.0528247623837772,673
"674",242631,"22_26",3,"DF",202,"PSME","Douglas-fir","DF",30,6.9,55,65,1,"Y",0,0,6,0.0528247623837772,674
"675",242631,"22_26",5,"WH",263,"TSHE","Western hemlock","WH",36,8.7,55,75,1,"Y",0,0,9.7,0.0528247623837772,675
"676",242631,"22_26",1,"DF",202,"PSME","Douglas-fir","DF",,4,35,,,"Y",,,1.3,0.330154764898608,676
"677",242631,"22_26",8,"DF",202,"PSME","Douglas-fir","DF",26,6.9,42,55,1,"Y",0,0,4.5,0.0528247623837772,677
"678",242631,"22_26",9,"DF",202,"PSME","Douglas-fir","DF",7,5.7,37,55,1,"Y",0,0,2.8,0.0528247623837772,678
"679",242631,"22_26",2,"WH",263,"TSHE","Western hemlock","WH",32,10.9,53,80,1,"Y",0,0,13.8,0.0528247623837772,679
"680",242631,"22_26",10,"DF",202,"PSME","Douglas-fir","DF",5,6.2,41,60,1,"Y",0,0,3.6,0.0528247623837772,680
"681",242631,"22_26",1,"DF",202,"PSME","Douglas-fir","DF",,4,35,,,"Y",,,1.3,0.330154764898608,681
"682",242631,"22_26",2,"DF",202,"PSME","Douglas-fir","DF",,5,40,,,"Y",,,2.3,0.330154764898608,682
"683",242631,"22_26",2,"DF",202,"PSME","Douglas-fir","DF",,5,40,,,"Y",,,2.3,0.330154764898608,683
"684",242631,"22_26",12,"DF",202,"PSME","Douglas-fir","DF",71,19.8,105,40,2,"Y",0,0,82.5,0.0528247623837772,684
"685",242631,"22_A01",19,"WH",263,"TSHE","Western hemlock","WH",8,7.9,40,65,1,"Y",0,0,5.6,0.47109467649313,685
"686",242631,"22_A01",17,"WH",263,"TSHE","Western hemlock","WH",40,13.5,62,85,1,"Y",0,0,24.4,0.47109467649313,686
"687",242631,"22_A01",10,"WH",263,"TSHE","Western hemlock","WH",7,12.5,53,75,1,"Y",0,0,17.7,0.47109467649313,687
"688",242631,"22_A01",3,"DF",202,"PSME","Douglas-fir","DF",,5,50,,,"Y",,,3,2.94434172808206,688
"689",242631,"22_A01",2,"WH",263,"TSHE","Western hemlock","WH",,1,19,,,"Y",,,0.1,2.94434172808206,689
"690",242631,"22_A01",8,"DF",202,"PSME","Douglas-fir","DF",18,6.4,52,50,1,"Y",0,0,4.9,0.47109467649313,690
"691",242631,"22_A01",1,"WH",263,"TSHE","Western hemlock","WH",,5,46,,,"Y",,,2.9,2.94434172808206,691
"692",242631,"22_A01",16,"WH",263,"TSHE","Western hemlock","WH",39,7.1,48,80,1,"Y",0,0,5.7,0.47109467649313,692
"693",242631,"22_A01",18,"DF",202,"PSME","Douglas-fir","DF",12,6.2,58,80,1,"Y",0,0,5.2,0.47109467649313,693
"694",242631,"22_A01",12,"SS",98,"PISI","Sitka spruce","OtherConifers",29,5.6,38,80,1,"Y",0,0,5,0.47109467649313,694
"695",242631,"22_A01",2,"WH",263,"TSHE","Western hemlock","WH",,1,19,,,"Y",,,0.1,2.94434172808206,695
"696",242631,"22_A01",27,"DF",202,"PSME","Douglas-fir","DF",40,7,48,70,3,"Y",0,0,5.3,0.47109467649313,696
"697",242631,"22_A01",22,"DF",202,"PSME","Douglas-fir","DF",24,6.4,44,60,1,"Y",0,0,4.1,0.47109467649313,697
"698",242631,"22_A01",15,"WH",263,"TSHE","Western hemlock","WH",36,8.6,50,85,1,"Y",0,0,8.4,0.47109467649313,698
"699",242631,"22_A01",4,"WH",263,"TSHE","Western hemlock","WH",,3,32,,,"Y",,,0.7,2.94434172808206,699
"700",242631,"22_A01",20,"DF",202,"PSME","Douglas-fir","DF",22,7.3,46,65,1,"Y",0,0,5.5,0.47109467649313,700
"701",242631,"22_A01",28,"DF",202,"PSME","Douglas-fir","DF",47,8.2,50,65,1,"Y",0,0,7.4,0.47109467649313,701
"702",242631,"22_A01",2,"WH",263,"TSHE","Western hemlock","WH",,1,19,,,"Y",,,0.1,2.94434172808206,702
"703",242631,"22_A01",1,"DF",202,"PSME","Douglas-fir","DF",40,6.8,46,70,1,"Y",0,0,4.8,0.47109467649313,703
"704",242631,"22_A01",26,"DF",202,"PSME","Douglas-fir","DF",41,7.6,51,75,1,"Y",0,0,6.6,0.47109467649313,704
"705",242631,"22_A01",21,"WH",263,"TSHE","Western hemlock","WH",19,11.1,39,85,1,"Y",0,0,10.6,0.47109467649313,705
"706",242631,"22_A01",4,"DF",202,"PSME","Douglas-fir","DF",33,7.5,51,65,1,"Y",0,0,6.4,0.47109467649313,706
"707",242631,"22_A01",7,"DF",202,"PSME","Douglas-fir","DF",16,7.6,53,65,1,"Y",0,0,6.9,0.47109467649313,707
"708",242631,"22_A01",3,"DF",202,"PSME","Douglas-fir","DF",,5,50,,,"Y",,,3,2.94434172808206,708
"709",242631,"22_A01",23,"DF",202,"PSME","Douglas-fir","DF",25,7.3,49,70,1,"Y",0,0,5.9,0.47109467649313,709
"710",242631,"22_A01",2,"DF",202,"PSME","Douglas-fir","DF",47,7.8,52,70,1,"Y",0,0,7.1,0.47109467649313,710
"711",242631,"22_A01",2,"WH",263,"TSHE","Western hemlock","WH",,1,19,,,"Y",,,0.1,2.94434172808206,711
"712",242631,"22_A01",6,"DF",202,"PSME","Douglas-fir","DF",23,8.6,54,65,1,"Y",0,0,8.8,0.47109467649313,712
"713",242631,"22_A01",13,"WH",263,"TSHE","Western hemlock","WH",34,7.3,46,70,1,"Y",0,0,5.7,0.47109467649313,713
"714",242631,"22_A01",9,"DF",202,"PSME","Douglas-fir","DF",9,8,52,65,1,"Y",0,0,7.4,0.47109467649313,714
"715",242631,"22_A01",24,"DF",202,"PSME","Douglas-fir","DF",34,6.6,39,65,1,"Y",0,0,3.9,0.47109467649313,715
"716",242631,"22_A01",3,"DF",202,"PSME","Douglas-fir","DF",46,9.4,60,60,1,"Y",0,0,11.6,0.47109467649313,716
"717",242631,"22_A01",14,"WH",263,"TSHE","Western hemlock","WH",36,12.4,55,85,1,"Y",0,0,18.2,0.47109467649313,717
"718",242631,"22_A01",25,"DF",202,"PSME","Douglas-fir","DF",35,8.1,53,60,1,"Y",0,0,7.7,0.47109467649313,718
"719",242631,"22_A01",29,"DF",202,"PSME","Douglas-fir","DF",57,9.8,64,70,1,"Y",0,0,13.4,0.47109467649313,719
"720",242631,"22_A01",11,"DF",202,"PSME","Douglas-fir","DF",12,6.5,50,60,1,"Y",0,0,4.8,0.47109467649313,720
"721",242631,"22_A01",5,"DF",202,"PSME","Douglas-fir","DF",25,7.7,52,60,1,"Y",0,0,6.9,0.47109467649313,721
"722",242631,"22_A04",2,"PM",361,"ARME","Pacific madrone","OtherBroadLeaved",,1,10,,,"Y",,,0,0.322856976319185,722
"723",242631,"22_A04",5,"DF",202,"PSME","Douglas-fir","DF",57,9.7,46,85,1,"Y",0,0,9.3,0.0516571162110696,723
"724",242631,"22_A04",3,"GC",431,"CACH","Golden chinkapin","OtherBroadLeaved",,1,7,,,"Y",,,0,0.322856976319185,724
"725",242631,"22_A04",3,"GC",431,"CACH","Golden chinkapin","OtherBroadLeaved",,1,7,,,"Y",,,0,0.322856976319185,725
"726",242631,"22_A04",10,"DF",202,"PSME","Douglas-fir","DF",9,6.4,38,80,1,"Y",0,0,3.6,0.0516571162110696,726
"727",242631,"22_A04",3,"GC",431,"CACH","Golden chinkapin","OtherBroadLeaved",,1,7,,,"Y",,,0,0.322856976319185,727
"728",242631,"22_A04",3,"GC",431,"CACH","Golden chinkapin","OtherBroadLeaved",,1,7,,,"Y",,,0,0.322856976319185,728
"729",242631,"22_A04",3,"GC",431,"CACH","Golden chinkapin","OtherBroadLeaved",,1,7,,,"Y",,,0,0.322856976319185,729
"730",242631,"22_A04",4,"DF",202,"PSME","Douglas-fir","DF",38,29,106,50,1,"Y",0,0,155.6,0.0516571162110696,730
"731",242631,"22_A04",2,"DF",202,"PSME","Douglas-fir","DF",5,6.8,38,85,1,"Y",0,0,4,0.0516571162110696,731
"732",242631,"22_A04",15,"DF",202,"PSME","Douglas-fir","DF",65,9.5,49,85,1,"Y",0,0,9.5,0.0516571162110696,732
"733",242631,"22_A04",1,"DF",202,"PSME","Douglas-fir","DF",13,5.6,33,80,1,"Y",0,0,2.4,0.0516571162110696,733
"734",242631,"22_A04",7,"DF",202,"PSME","Douglas-fir","DF",29,13.2,64,85,1,"Y",0,0,22.8,0.0516571162110696,734
"735",242631,"22_A04",17,"DF",202,"PSME","Douglas-fir","DF",61,6,35,75,1,"Y",0,0,2.9,0.0516571162110696,735
"736",242631,"22_A04",3,"GC",431,"CACH","Golden chinkapin","OtherBroadLeaved",,1,7,,,"Y",,,0,0.322856976319185,736
"737",242631,"22_A04",18,"DF",202,"PSME","Douglas-fir","DF",49,8.3,47,80,1,"Y",0,0,7.1,0.0516571162110696,737
"738",242631,"22_A04",1,"PM",361,"ARME","Pacific madrone","OtherBroadLeaved",,2,18,,,"Y",,,0.3,0.322856976319185,738
"739",242631,"22_A04",3,"GC",431,"CACH","Golden chinkapin","OtherBroadLeaved",,1,7,,,"Y",,,0,0.322856976319185,739
"740",242631,"22_A04",3,"DF",202,"PSME","Douglas-fir","DF",18,10.1,46,80,1,"Y",0,0,10,0.0516571162110696,740
"741",242631,"22_A04",3,"GC",431,"CACH","Golden chinkapin","OtherBroadLeaved",,1,7,,,"Y",,,0,0.322856976319185,741
"742",242631,"22_A04",14,"DF",202,"PSME","Douglas-fir","DF",63,9,48,80,1,"Y",0,0,8.4,0.0516571162110696,742
"743",242631,"22_A04",3,"GC",431,"CACH","Golden chinkapin","OtherBroadLeaved",,1,7,,,"Y",,,0,0.322856976319185,743
"744",242631,"22_A04",13,"DF",202,"PSME","Douglas-fir","DF",49,8.2,52,75,1,"Y",0,0,7.7,0.0516571162110696,744
"745",242631,"22_A04",3,"GC",431,"CACH","Golden chinkapin","OtherBroadLeaved",,1,7,,,"Y",,,0,0.322856976319185,745
"746",242631,"22_A04",3,"GC",431,"CACH","Golden chinkapin","OtherBroadLeaved",,1,7,,,"Y",,,0,0.322856976319185,746
"747",242631,"22_A04",3,"GC",431,"CACH","Golden chinkapin","OtherBroadLeaved",,1,7,,,"Y",,,0,0.322856976319185,747
"748",242631,"22_A04",3,"GC",431,"CACH","Golden chinkapin","OtherBroadLeaved",,1,7,,,"Y",,,0,0.322856976319185,748
"749",242631,"22_A04",1,"PM",361,"ARME","Pacific madrone","OtherBroadLeaved",,2,18,,,"Y",,,0.3,0.322856976319185,749
"750",242631,"22_A04",9,"DF",202,"PSME","Douglas-fir","DF",2,12,56,80,1,"Y",0,0,16.7,0.0516571162110696,750
"751",242631,"22_A04",8,"DF",202,"PSME","Douglas-fir","DF",14,9.7,44,80,1,"Y",0,0,8.9,0.0516571162110696,751
"752",242631,"22_A04",16,"DF",202,"PSME","Douglas-fir","DF",72,6.4,36,75,1,"Y",0,0,3.4,0.0516571162110696,752
"753",242631,"22_A04",2,"PM",361,"ARME","Pacific madrone","OtherBroadLeaved",,1,10,,,"Y",,,0,0.322856976319185,753
"754",242631,"22_A04",1,"PM",361,"ARME","Pacific madrone","OtherBroadLeaved",,2,18,,,"Y",,,0.3,0.322856976319185,754
"755",242631,"22_A04",1,"PM",361,"ARME","Pacific madrone","OtherBroadLeaved",,2,18,,,"Y",,,0.3,0.322856976319185,755
"756",242631,"22_A04",12,"DF",202,"PSME","Douglas-fir","DF",39,13.5,68,85,1,"Y",0,0,25.3,0.0516571162110696,756
"757",242631,"22_A04",6,"DF",202,"PSME","Douglas-fir","DF",64,6.6,31,85,1,"Y",0,0,3.2,0.0516571162110696,757
"758",242631,"22_A04",11,"DF",202,"PSME","Douglas-fir","DF",29,9.8,51,75,1,"Y",0,0,10.5,0.0516571162110696,758
"759",242631,"22_A04",3,"GC",431,"CACH","Golden chinkapin","OtherBroadLeaved",,1,7,,,"Y",,,0,0.322856976319185,759
"760",242631,"22_A04",3,"GC",431,"CACH","Golden chinkapin","OtherBroadLeaved",,1,7,,,"Y",,,0,0.322856976319185,760
"761",242631,"23_03",4,"DF",202,"PSME","Douglas-fir","DF",13,6.2,41,75,1,"Y",0,0,3.6,0.0258630077299489,761
"762",242631,"23_03",3,"DF",202,"PSME","Douglas-fir","DF",14,7.5,47,75,1,"Y",0,0,5.9,0.0258630077299489,762
"763",242631,"23_03",2,"DF",202,"PSME","Douglas-fir","DF",4,7.2,37,80,1,"Y",0,0,4.4,0.0258630077299489,763
"764",242631,"23_03",1,"DF",202,"PSME","Douglas-fir","DF",14,7.9,41,85,1,"Y",0,0,5.7,0.0258630077299489,764
"765",242631,"23_03",11,"DF",202,"PSME","Douglas-fir","DF",24,6.1,33,80,1,"Y",0,0,2.9,0.0258630077299489,765
"766",242631,"23_03",8,"DF",202,"PSME","Douglas-fir","DF",4,5.5,31,75,1,"Y",0,0,2.2,0.0258630077299489,766
"767",242631,"23_03",10,"DF",202,"PSME","Douglas-fir","DF",22,6.8,41,70,1,"Y",0,0,4.3,0.0258630077299489,767
"768",242631,"23_03",15,"DF",202,"PSME","Douglas-fir","DF",8,15.9,113,35,2,"Y",0,0,62.3,0.0258630077299489,768
"769",242631,"23_03",3,"DF",202,"PSME","Douglas-fir","DF",,3,21,,,"Y",,,0.5,0.161643798312181,769
"770",242631,"23_03",14,"DF",202,"PSME","Douglas-fir","DF",24,28.5,179,35,1,"Y",0,0,277.3,0.0258630077299489,770
"771",242631,"23_03",5,"DF",202,"PSME","Douglas-fir","DF",13,6.6,40,80,1,"Y",0,0,4,0.0258630077299489,771
"772",242631,"23_03",9,"DF",202,"PSME","Douglas-fir","DF",12,5.9,35,75,1,"Y",0,0,2.8,0.0258630077299489,772
"773",242631,"23_03",7,"DF",202,"PSME","Douglas-fir","DF",5,6.5,40,75,1,"Y",0,0,3.8,0.0258630077299489,773
"774",242631,"23_03",13,"DF",202,"PSME","Douglas-fir","DF",37,6,36,75,1,"Y",0,0,3,0.0258630077299489,774
"775",242631,"23_03",1,"DF",202,"PSME","Douglas-fir","DF",,5,32,,,"Y",,,1.9,0.161643798312181,775
"776",242631,"23_03",2,"DF",202,"PSME","Douglas-fir","DF",,4,28,,,"Y",,,1.1,0.161643798312181,776
"777",242631,"23_03",12,"DF",202,"PSME","Douglas-fir","DF",26,5.6,33,75,1,"Y",0,0,2.4,0.0258630077299489,777
"778",242631,"23_03",6,"DF",202,"PSME","Douglas-fir","DF",5,7.2,42,75,1,"Y",0,0,4.9,0.0258630077299489,778
"779",242631,"23_03",1,"DF",202,"PSME","Douglas-fir","DF",,5,32,,,"Y",,,1.9,0.161643798312181,779
"780",242631,"23_06",7,"DF",202,"PSME","Douglas-fir","DF",45,6.9,54,85,1,"Y",0,0,5.9,0.13041278819522,780
"781",242631,"23_06",1,"RA",351,"ALRU","Red alder","RA",,1,16,,,"Y",,,0,0.815079926220124,781
"782",242631,"23_06",5,"RA",351,"ALRU","Red alder","RA",,2,23,,,"Y",,,0.3,0.815079926220124,782
"783",242631,"23_06",8,"DF",202,"PSME","Douglas-fir","DF",44,5.6,43,80,1,"Y",0,0,3.1,0.13041278819522,783
"784",242631,"23_06",1,"RA",351,"ALRU","Red alder","RA",,1,16,,,"Y",,,0,0.815079926220124,784
"785",242631,"23_06",4,"WH",263,"TSHE","Western hemlock","WH",13,6.8,43,65,1,"Y",0,0,4.6,0.13041278819522,785
"786",242631,"23_06",7,"OM",981,"UMCA","Oregon myrtle","OM",,1,13,,,"Y",,,0,0.815079926220124,786
"787",242631,"23_06",18,"DF",202,"PSME","Douglas-fir","DF",1,8.1,48,85,1,"Y",0,0,7,0.13041278819522,787
"788",242631,"23_06",7,"OM",981,"UMCA","Oregon myrtle","OM",,1,13,,,"Y",,,0,0.815079926220124,788
"789",242631,"23_06",2,"BM",312,"ACMA","Bigleaf maple","BM",,1,23,,,"Y",,,0.1,0.815079926220124,789
"790",242631,"23_06",1,"RA",351,"ALRU","Red alder","RA",,1,16,,,"Y",,,0,0.815079926220124,790
"791",242631,"23_06",7,"OM",981,"UMCA","Oregon myrtle","OM",,1,13,,,"Y",,,0,0.815079926220124,791
"792",242631,"23_06",1,"RA",351,"ALRU","Red alder","RA",,1,16,,,"Y",,,0,0.815079926220124,792
"793",242631,"23_06",13,"WH",263,"TSHE","Western hemlock","WH",47,8.8,49,90,1,"Y",0,0,8.6,0.13041278819522,793
"794",242631,"23_06",3,"BM",312,"ACMA","Bigleaf maple","BM",,2,31,,,"Y",,,0.3,0.815079926220124,794
"795",242631,"23_06",6,"WH",263,"TSHE","Western hemlock","WH",,1,11,,,"Y",,,0.1,0.815079926220124,795
"796",242631,"23_06",7,"OM",981,"UMCA","Oregon myrtle","OM",,1,13,,,"Y",,,0,0.815079926220124,796
"797",242631,"23_06",20,"DF",202,"PSME","Douglas-fir","DF",32,7.7,46,85,1,"Y",0,0,6.1,0.13041278819522,797
"798",242631,"23_06",1,"RA",351,"ALRU","Red alder","RA",,1,16,,,"Y",,,0,0.815079926220124,798
"799",242631,"23_06",1,"RA",351,"ALRU","Red alder","RA",,1,16,,,"Y",,,0,0.815079926220124,799
"800",242631,"23_06",17,"DF",202,"PSME","Douglas-fir","DF",1,7.1,45,85,1,"Y",0,0,5.1,0.13041278819522,800
"801",242631,"23_06",1,"RA",351,"ALRU","Red alder","RA",,1,16,,,"Y",,,0,0.815079926220124,801
"802",242631,"23_06",5,"RA",351,"ALRU","Red alder","RA",,2,23,,,"Y",,,0.3,0.815079926220124,802
"803",242631,"23_06",1,"RA",351,"ALRU","Red alder","RA",,1,16,,,"Y",,,0,0.815079926220124,803
"804",242631,"23_06",15,"WH",263,"TSHE","Western hemlock","WH",31,7,43,90,1,"Y",0,0,4.8,0.13041278819522,804
"805",242631,"23_06",2,"BM",312,"ACMA","Bigleaf maple","BM",,1,23,,,"Y",,,0.1,0.815079926220124,805
"806",242631,"23_06",1,"RA",351,"ALRU","Red alder","RA",,1,16,,,"Y",,,0,0.815079926220124,806
"807",242631,"23_06",16,"WH",263,"TSHE","Western hemlock","WH",29,34.2,138,5,2,"Y",0,0,303.7,0.13041278819522,807
"808",242631,"23_06",11,"DF",202,"PSME","Douglas-fir","DF",51,6.1,51,85,1,"Y",0,0,4.4,0.13041278819522,808
"809",242631,"23_06",6,"DF",202,"PSME","Douglas-fir","DF",26,7.9,47,85,1,"Y",0,0,6.5,0.13041278819522,809
"810",242631,"23_06",2,"BM",312,"ACMA","Bigleaf maple","BM",,1,23,,,"Y",,,0.1,0.815079926220124,810
"811",242631,"23_06",1,"RA",351,"ALRU","Red alder","RA",,1,16,,,"Y",,,0,0.815079926220124,811
"812",242631,"23_06",1,"RA",351,"ALRU","Red alder","RA",,1,16,,,"Y",,,0,0.815079926220124,812
"813",242631,"23_06",19,"DF",202,"PSME","Douglas-fir","DF",42,8.2,46,85,1,"Y",0,0,6.8,0.13041278819522,813
"814",242631,"23_06",1,"RA",351,"ALRU","Red alder","RA",,1,16,,,"Y",,,0,0.815079926220124,814
"815",242631,"23_06",9,"DF",202,"PSME","Douglas-fir","DF",50,6.8,49,85,1,"Y",0,0,5.1,0.13041278819522,815
"816",242631,"23_06",2,"BM",312,"ACMA","Bigleaf maple","BM",,1,23,,,"Y",,,0.1,0.815079926220124,816
"817",242631,"23_06",1,"RA",351,"ALRU","Red alder","RA",,1,16,,,"Y",,,0,0.815079926220124,817
"818",242631,"23_06",12,"WH",263,"TSHE","Western hemlock","WH",52,7.6,50,90,1,"Y",0,0,6.8,0.13041278819522,818
"819",242631,"23_06",2,"BM",312,"ACMA","Bigleaf maple","BM",,1,23,,,"Y",,,0.1,0.815079926220124,819
"820",242631,"23_06",3,"DF",202,"PSME","Douglas-fir","DF",0,8,54,85,1,"Y",0,0,7.7,0.13041278819522,820
"821",242631,"23_06",7,"OM",981,"UMCA","Oregon myrtle","OM",,1,13,,,"Y",,,0,0.815079926220124,821
"822",242631,"23_06",10,"DF",202,"PSME","Douglas-fir","DF",43,5.8,52,85,1,"Y",0,0,4.1,0.13041278819522,822
"823",242631,"23_06",2,"DF",202,"PSME","Douglas-fir","DF",9,6.6,54,75,1,"Y",0,0,5.4,0.13041278819522,823
"824",242631,"23_06",5,"DF",202,"PSME","Douglas-fir","DF",1,6.6,56,80,1,"Y",0,0,5.6,0.13041278819522,824
"825",242631,"23_06",4,"DF",202,"PSME","Douglas-fir","DF",,2,13,,,"Y",,,0.2,0.815079926220124,825
"826",242631,"23_06",2,"BM",312,"ACMA","Bigleaf maple","BM",,1,23,,,"Y",,,0.1,0.815079926220124,826
"827",242631,"23_06",3,"BM",312,"ACMA","Bigleaf maple","BM",,2,31,,,"Y",,,0.3,0.815079926220124,827
"828",242631,"23_06",1,"RA",351,"ALRU","Red alder","RA",,1,16,,,"Y",,,0,0.815079926220124,828
"829",242631,"23_06",2,"BM",312,"ACMA","Bigleaf maple","BM",,1,23,,,"Y",,,0.1,0.815079926220124,829
"830",242631,"23_06",1,"DF",202,"PSME","Douglas-fir","DF",20,8,54,80,1,"Y",0,0,7.7,0.13041278819522,830
"831",242631,"23_06",6,"WH",263,"TSHE","Western hemlock","WH",,1,11,,,"Y",,,0.1,0.815079926220124,831
"832",242631,"23_06",14,"WH",263,"TSHE","Western hemlock","WH",42,7.6,44,85,1,"Y",0,0,5.8,0.13041278819522,832
"833",242631,"23_06",1,"RA",351,"ALRU","Red alder","RA",,1,16,,,"Y",,,0,0.815079926220124,833
"834",242631,"23_11",4,"BM",312,"ACMA","Bigleaf maple","BM",,2,25,,,"Y",,,0.3,0.33234187794671,834
"835",242631,"23_11",2,"DF",202,"PSME","Douglas-fir","DF",5,7.3,37,0,1,"N",1,0,4.5,0.0531747004714735,835
"836",242631,"23_11",5,"BM",312,"ACMA","Bigleaf maple","BM",,1,19,,,"Y",,,0.1,0.33234187794671,836
"837",242631,"23_11",13,"DF",202,"PSME","Douglas-fir","DF",28,7.6,55,75,1,"Y",0,0,7.2,0.0531747004714735,837
"838",242631,"23_11",3,"TO",631,"LIDE3","Tanoak","TO",,1,13,,,"Y",,,0.1,0.33234187794671,838
"839",242631,"23_11",4,"BM",312,"ACMA","Bigleaf maple","BM",,2,25,,,"Y",,,0.3,0.33234187794671,839
"840",242631,"23_11",8,"DF",202,"PSME","Douglas-fir","DF",10,6.2,43,50,1,"Y",0,0,3.8,0.0531747004714735,840
"841",242631,"23_11",5,"BM",312,"ACMA","Bigleaf maple","BM",,1,19,,,"Y",,,0.1,0.33234187794671,841
"842",242631,"23_11",5,"BM",312,"ACMA","Bigleaf maple","BM",,1,19,,,"Y",,,0.1,0.33234187794671,842
"843",242631,"23_11",11,"DF",202,"PSME","Douglas-fir","DF",45,7.6,49,50,1,"Y",0,0,6.3,0.0531747004714735,843
"844",242631,"23_11",10,"TO",631,"LIDE3","Tanoak","TO",28,13.7,52,65,1,"Y",0,0,29,0.0531747004714735,844
"845",242631,"23_11",5,"BM",312,"ACMA","Bigleaf maple","BM",,1,19,,,"Y",,,0.1,0.33234187794671,845
"846",242631,"23_11",1,"DF",202,"PSME","Douglas-fir","DF",1,7.2,39,75,1,"Y",0,0,4.6,0.0531747004714735,846
"847",242631,"23_11",2,"BM",312,"ACMA","Bigleaf maple","BM",,3,26,,,"Y",,,0.8,0.33234187794671,847
"848",242631,"23_11",12,"DF",202,"PSME","Douglas-fir","DF",24,9.4,46,0,1,"N",1,0,8.8,0.0531747004714735,848
"849",242631,"23_11",3,"TO",631,"LIDE3","Tanoak","TO",,1,13,,,"Y",,,0.1,0.33234187794671,849
"850",242631,"23_11",5,"DF",202,"PSME","Douglas-fir","DF",34,6.9,32,0,1,"N",1,0,3.6,0.0531747004714735,850
"851",242631,"23_11",4,"BM",312,"ACMA","Bigleaf maple","BM",,2,25,,,"Y",,,0.3,0.33234187794671,851
"852",242631,"23_11",14,"DF",202,"PSME","Douglas-fir","DF",12,6.9,43,80,1,"Y",0,0,4.6,0.0531747004714735,852
"853",242631,"23_11",2,"BM",312,"ACMA","Bigleaf maple","BM",,3,26,,,"Y",,,0.8,0.33234187794671,853
"854",242631,"23_11",6,"BM",312,"ACMA","Bigleaf maple","BM",,4,32,,,"Y",,,1.6,0.33234187794671,854
"855",242631,"23_11",9,"DF",202,"PSME","Douglas-fir","DF",16,7.2,47,75,1,"Y",0,0,5.5,0.0531747004714735,855
"856",242631,"23_11",1,"DF",202,"PSME","Douglas-fir","DF",,5,33,,,"Y",,,1.9,0.33234187794671,856
"857",242631,"23_11",3,"DF",202,"PSME","Douglas-fir","DF",21,7.5,35,80,1,"Y",0,0,4.5,0.0531747004714735,857
"858",242631,"23_11",2,"BM",312,"ACMA","Bigleaf maple","BM",,3,26,,,"Y",,,0.8,0.33234187794671,858
"859",242631,"23_11",7,"DF",202,"PSME","Douglas-fir","DF",22,6.3,47,75,1,"Y",0,0,4.2,0.0531747004714735,859
"860",242631,"23_11",4,"BM",312,"ACMA","Bigleaf maple","BM",,2,25,,,"Y",,,0.3,0.33234187794671,860
"861",242631,"23_11",2,"BM",312,"ACMA","Bigleaf maple","BM",,3,26,,,"Y",,,0.8,0.33234187794671,861
"862",242631,"23_11",6,"DF",202,"PSME","Douglas-fir","DF",18,8.3,49,0,1,"N",1,0,7.4,0.0531747004714735,862
"863",242631,"23_11",4,"BM",312,"ACMA","Bigleaf maple","BM",,2,25,,,"Y",,,0.3,0.33234187794671,863
"864",242631,"23_11",3,"TO",631,"LIDE3","Tanoak","TO",,1,13,,,"Y",,,0.1,0.33234187794671,864
"865",242631,"23_11",4,"DF",202,"PSME","Douglas-fir","DF",34,11.4,58,70,1,"Y",0,0,15.7,0.0531747004714735,865
"866",242631,"23_23",2,"DF",202,"PSME","Douglas-fir","DF",,2,11,,,"Y",,,0.1,0.329157754400679,866
"867",242631,"23_23",1,"WH",263,"TSHE","Western hemlock","WH",5,5.8,33,75,1,"Y",0,0,2.5,0.0526652407041086,867
"868",242631,"23_23",13,"DF",202,"PSME","Douglas-fir","DF",2,7.1,35,80,1,"Y",0,0,4.1,0.0526652407041086,868
"869",242631,"23_23",4,"DF",202,"PSME","Douglas-fir","DF",31,5.6,38,80,1,"Y",0,0,2.7,0.0526652407041086,869
"870",242631,"23_23",9,"DF",202,"PSME","Douglas-fir","DF",12,5.8,38,75,1,"Y",0,0,2.9,0.0526652407041086,870
"871",242631,"23_23",1,"DF",202,"PSME","Douglas-fir","DF",,1,8,,,"Y",,,0,0.329157754400679,871
"872",242631,"23_23",7,"GC",431,"CACH","Golden chinkapin","OtherBroadLeaved",,1,6,,,"Y",,,0,0.329157754400679,872
"873",242631,"23_23",4,"DF",202,"PSME","Douglas-fir","DF",,5,34,,,"Y",,,2,0.329157754400679,873
"874",242631,"23_23",9,"GC",431,"CACH","Golden chinkapin","OtherBroadLeaved",,3,16,,,"Y",,,0.4,0.329157754400679,874
"875",242631,"23_23",6,"WH",263,"TSHE","Western hemlock","WH",,2,12,,,"Y",,,0.2,0.329157754400679,875
"876",242631,"23_23",11,"PM",361,"ARME","Pacific madrone","OtherBroadLeaved",,1,8,,,"Y",,,0,0.329157754400679,876
"877",242631,"23_23",1,"DF",202,"PSME","Douglas-fir","DF",,1,8,,,"Y",,,0,0.329157754400679,877
"878",242631,"23_23",5,"WH",263,"TSHE","Western hemlock","WH",,1,9,,,"Y",,,0.1,0.329157754400679,878
"879",242631,"23_23",15,"DF",202,"PSME","Douglas-fir","DF",17,31.2,140,45,1,"Y",0,0,251.4,0.0526652407041086,879
"880",242631,"23_23",9,"GC",431,"CACH","Golden chinkapin","OtherBroadLeaved",,3,16,,,"Y",,,0.4,0.329157754400679,880
"881",242631,"23_23",5,"WH",263,"TSHE","Western hemlock","WH",,1,9,,,"Y",,,0.1,0.329157754400679,881
"882",242631,"23_23",5,"WH",263,"TSHE","Western hemlock","WH",,1,9,,,"Y",,,0.1,0.329157754400679,882
"883",242631,"23_23",8,"GC",431,"CACH","Golden chinkapin","OtherBroadLeaved",,2,12,,,"Y",,,0.1,0.329157754400679,883
"884",242631,"23_23",9,"GC",431,"CACH","Golden chinkapin","OtherBroadLeaved",,3,16,,,"Y",,,0.4,0.329157754400679,884
"885",242631,"23_23",11,"PM",361,"ARME","Pacific madrone","OtherBroadLeaved",,1,8,,,"Y",,,0,0.329157754400679,885
"886",242631,"23_23",1,"DF",202,"PSME","Douglas-fir","DF",,1,8,,,"Y",,,0,0.329157754400679,886
"887",242631,"23_23",5,"WH",263,"TSHE","Western hemlock","WH",,1,9,,,"Y",,,0.1,0.329157754400679,887
"888",242631,"23_23",5,"DF",202,"PSME","Douglas-fir","DF",9,5.6,34,85,1,"Y",0,0,2.5,0.0526652407041086,888
"889",242631,"23_23",8,"GC",431,"CACH","Golden chinkapin","OtherBroadLeaved",,2,12,,,"Y",,,0.1,0.329157754400679,889
"890",242631,"23_23",6,"WH",263,"TSHE","Western hemlock","WH",,2,12,,,"Y",,,0.2,0.329157754400679,890
"891",242631,"23_23",5,"WH",263,"TSHE","Western hemlock","WH",,1,9,,,"Y",,,0.1,0.329157754400679,891
"892",242631,"23_23",5,"WH",263,"TSHE","Western hemlock","WH",,1,9,,,"Y",,,0.1,0.329157754400679,892
"893",242631,"23_23",6,"WH",263,"TSHE","Western hemlock","WH",,2,12,,,"Y",,,0.2,0.329157754400679,893
"894",242631,"23_23",12,"DF",202,"PSME","Douglas-fir","DF",80,6.8,42,80,1,"Y",0,0,4.4,0.0526652407041086,894
"895",242631,"23_23",10,"DF",202,"PSME","Douglas-fir","DF",29,5.5,39,85,1,"Y",0,0,2.7,0.0526652407041086,895
"896",242631,"23_23",6,"DF",202,"PSME","Douglas-fir","DF",7,7.8,42,80,1,"Y",0,0,5.7,0.0526652407041086,896
"897",242631,"23_23",6,"WH",263,"TSHE","Western hemlock","WH",,2,12,,,"Y",,,0.2,0.329157754400679,897
"898",242631,"23_23",7,"DF",202,"PSME","Douglas-fir","DF",32,6.9,44,75,1,"Y",0,0,4.7,0.0526652407041086,898
"899",242631,"23_23",3,"DF",202,"PSME","Douglas-fir","DF",,4,29,,,"Y",,,1.1,0.329157754400679,899
"900",242631,"23_23",11,"DF",202,"PSME","Douglas-fir","DF",82,5.7,40,85,1,"Y",0,0,3,0.0526652407041086,900
"901",242631,"23_23",8,"GC",431,"CACH","Golden chinkapin","OtherBroadLeaved",,2,12,,,"Y",,,0.1,0.329157754400679,901
"902",242631,"23_23",6,"WH",263,"TSHE","Western hemlock","WH",,2,12,,,"Y",,,0.2,0.329157754400679,902
"903",242631,"23_23",7,"GC",431,"CACH","Golden chinkapin","OtherBroadLeaved",,1,6,,,"Y",,,0,0.329157754400679,903
"904",242631,"23_23",7,"GC",431,"CACH","Golden chinkapin","OtherBroadLeaved",,1,6,,,"Y",,,0,0.329157754400679,904
"905",242631,"23_23",10,"GC",431,"CACH","Golden chinkapin","OtherBroadLeaved",,4,18,,,"Y",,,0.8,0.329157754400679,905
"906",242631,"23_23",7,"GC",431,"CACH","Golden chinkapin","OtherBroadLeaved",,1,6,,,"Y",,,0,0.329157754400679,906
"907",242631,"23_23",5,"WH",263,"TSHE","Western hemlock","WH",,1,9,,,"Y",,,0.1,0.329157754400679,907
"908",242631,"23_23",2,"WH",263,"TSHE","Western hemlock","WH",1,6.7,36,75,1,"Y",0,0,3.6,0.0526652407041086,908
"909",242631,"23_23",8,"GC",431,"CACH","Golden chinkapin","OtherBroadLeaved",,2,12,,,"Y",,,0.1,0.329157754400679,909
"910",242631,"23_23",6,"WH",263,"TSHE","Western hemlock","WH",,2,12,,,"Y",,,0.2,0.329157754400679,910
"911",242631,"23_23",14,"DF",202,"PSME","Douglas-fir","DF",10,6.5,36,80,1,"Y",0,0,3.5,0.0526652407041086,911
"912",242631,"23_23",11,"PM",361,"ARME","Pacific madrone","OtherBroadLeaved",,1,8,,,"Y",,,0,0.329157754400679,912
"913",242631,"23_23",8,"DF",202,"PSME","Douglas-fir","DF",22,5.7,39,80,1,"Y",0,0,2.9,0.0526652407041086,913
"914",242631,"23_23",4,"DF",202,"PSME","Douglas-fir","DF",,5,34,,,"Y",,,2,0.329157754400679,914
"915",242631,"23_23",3,"DF",202,"PSME","Douglas-fir","DF",12,33,162,0,2,"N",3,0,315.5,0.0526652407041086,915
"916",242631,"31_18",14,"DF",202,"PSME","Douglas-fir","DF",65,12.8,72,85,1,"Y",0,0,24.7,0.105101114947695,916
"917",242631,"31_18",3,"RA",351,"ALRU","Red alder","RA",,1,10,,,"Y",,,0,0.656881968423095,917
"918",242631,"31_18",12,"BM",312,"ACMA","Bigleaf maple","BM",30,24,60,40,1,"Y",0,0,126.4,0.105101114947695,918
"919",242631,"31_18",4,"DF",202,"PSME","Douglas-fir","DF",9,7.1,53,40,1,"Y",0,0,6.1,0.105101114947695,919
"920",242631,"31_18",2,"BM",312,"ACMA","Bigleaf maple","BM",22,9.6,35,0,2,"N",3,0,12.1,0.105101114947695,920
"921",242631,"31_18",20,"DF",202,"PSME","Douglas-fir","DF",54,7.9,47,80,1,"Y",0,0,6.5,0.105101114947695,921
"922",242631,"31_18",19,"RA",351,"ALRU","Red alder","RA",16,8.3,52,60,1,"Y",0,0,11.7,0.105101114947695,922
"923",242631,"31_18",3,"BM",312,"ACMA","Bigleaf maple","BM",12,10,44,50,1,"Y",0,0,15.1,0.105101114947695,923
"924",242631,"31_18",1,"RA",351,"ALRU","Red alder","RA",,2,20,,,"Y",,,0.2,0.656881968423095,924
"925",242631,"31_18",18,"RA",351,"ALRU","Red alder","RA",45,9,61,55,1,"Y",0,0,14.8,0.105101114947695,925
"926",242631,"31_18",16,"RA",351,"ALRU","Red alder","RA",50,8.1,55,50,1,"Y",0,0,11.4,0.105101114947695,926
"927",242631,"31_18",17,"DF",202,"PSME","Douglas-fir","DF",52,7.5,51,65,1,"Y",0,0,6.4,0.105101114947695,927
"928",242631,"31_18",5,"DF",202,"PSME","Douglas-fir","DF",4,9.4,60,45,1,"Y",0,0,11.6,0.105101114947695,928
"929",242631,"31_18",8,"DF",202,"PSME","Douglas-fir","DF",38,13,68,75,1,"Y",0,0,23.7,0.105101114947695,929
"930",242631,"31_18",11,"BM",312,"ACMA","Bigleaf maple","BM",27,22,70,70,1,"Y",0,0,113.8,0.105101114947695,930
"931",242631,"31_18",9,"DF",202,"PSME","Douglas-fir","DF",2,10.2,64,85,1,"Y",0,0,14.4,0.105101114947695,931
"932",242631,"31_18",7,"RA",351,"ALRU","Red alder","RA",45,9,50,50,1,"Y",0,0,13.5,0.105101114947695,932
"933",242631,"31_18",1,"DF",202,"PSME","Douglas-fir","DF",41,13.6,72,75,1,"Y",0,0,27.4,0.105101114947695,933
"934",242631,"31_18",10,"DF",202,"PSME","Douglas-fir","DF",4,10.8,79,70,1,"Y",0,0,20.6,0.105101114947695,934
"935",242631,"31_18",6,"RA",351,"ALRU","Red alder","RA",32,6.1,45,60,1,"Y",0,0,5.9,0.105101114947695,935
"936",242631,"31_18",15,"DF",202,"PSME","Douglas-fir","DF",70,12,77,75,1,"Y",0,0,23.9,0.105101114947695,936
"937",242631,"31_18",13,"DF",202,"PSME","Douglas-fir","DF",45,7.4,40,55,1,"Y",0,0,4.9,0.105101114947695,937
"938",242631,"31_18",2,"RA",351,"ALRU","Red alder","RA",,4,45,,,"Y",,,2.5,0.656881968423095,938
"939",242631,"31_18",3,"RA",351,"ALRU","Red alder","RA",,1,10,,,"Y",,,0,0.656881968423095,939
"940",242631,"31_20",4,"DF",202,"PSME","Douglas-fir","DF",7,10.8,65,55,1,"Y",0,0,16.2,0.209375244753828,940
"941",242631,"31_20",21,"DF",202,"PSME","Douglas-fir","DF",1,12.9,72,45,1,"Y",0,0,25,0.209375244753828,941
"942",242631,"31_20",25,"DF",202,"PSME","Douglas-fir","DF",39,13,64,70,1,"Y",0,0,22.1,0.209375244753828,942
"943",242631,"31_20",5,"WH",263,"TSHE","Western hemlock","WH",,2,17,,,"Y",,,0.2,1.30859527971143,943
"944",242631,"31_20",7,"DF",202,"PSME","Douglas-fir","DF",19,9.4,63,35,1,"Y",0,0,12.3,0.209375244753828,944
"945",242631,"31_20",2,"DF",202,"PSME","Douglas-fir","DF",,1,12,,,"Y",,,0.1,1.30859527971143,945
"946",242631,"31_20",5,"DF",202,"PSME","Douglas-fir","DF",5,10.5,62,0,1,"N",2,0,14.6,0.209375244753828,946
"947",242631,"31_20",2,"DF",202,"PSME","Douglas-fir","DF",,1,12,,,"Y",,,0.1,1.30859527971143,947
"948",242631,"31_20",2,"DF",202,"PSME","Douglas-fir","DF",,1,12,,,"Y",,,0.1,1.30859527971143,948
"949",242631,"31_20",2,"DF",202,"PSME","Douglas-fir","DF",,1,12,,,"Y",,,0.1,1.30859527971143,949
"950",242631,"31_20",2,"DF",202,"PSME","Douglas-fir","DF",57,11.5,61,70,1,"Y",0,0,16.9,0.209375244753828,950
"951",242631,"31_20",1,"WH",263,"TSHE","Western hemlock","WH",,1,11,,,"Y",,,0.1,1.30859527971143,951
"952",242631,"31_20",1,"WH",263,"TSHE","Western hemlock","WH",,1,11,,,"Y",,,0.1,1.30859527971143,952
"953",242631,"31_20",4,"DF",202,"PSME","Douglas-fir","DF",,3,27,,,"Y",,,0.6,1.30859527971143,953
"954",242631,"31_20",2,"DF",202,"PSME","Douglas-fir","DF",,1,12,,,"Y",,,0.1,1.30859527971143,954
"955",242631,"31_20",6,"DF",202,"PSME","Douglas-fir","DF",6,11.3,68,55,1,"Y",0,0,18.5,0.209375244753828,955
"956",242631,"31_20",5,"WH",263,"TSHE","Western hemlock","WH",,2,17,,,"Y",,,0.2,1.30859527971143,956
"957",242631,"31_20",2,"DF",202,"PSME","Douglas-fir","DF",,1,12,,,"Y",,,0.1,1.30859527971143,957
"958",242631,"31_20",1,"WH",263,"TSHE","Western hemlock","WH",,1,11,,,"Y",,,0.1,1.30859527971143,958
"959",242631,"31_20",8,"DF",202,"PSME","Douglas-fir","DF",25,10.1,66,40,1,"Y",0,0,14.7,0.209375244753828,959
"960",242631,"31_20",10,"DF",202,"PSME","Douglas-fir","DF",59,12.1,85,45,1,"Y",0,0,27.5,0.209375244753828,960
"961",242631,"31_20",2,"DF",202,"PSME","Douglas-fir","DF",,1,12,,,"Y",,,0.1,1.30859527971143,961
"962",242631,"31_20",24,"DF",202,"PSME","Douglas-fir","DF",30,9.7,63,50,1,"Y",0,0,13,0.209375244753828,962
"963",242631,"31_20",1,"WH",263,"TSHE","Western hemlock","WH",,1,11,,,"Y",,,0.1,1.30859527971143,963
"964",242631,"31_20",12,"DF",202,"PSME","Douglas-fir","DF",68,11.5,63,50,1,"Y",0,0,17.5,0.209375244753828,964
"965",242631,"31_20",13,"DF",202,"PSME","Douglas-fir","DF",62,11.8,76,45,1,"Y",0,0,22.9,0.209375244753828,965
"966",242631,"31_20",3,"DF",202,"PSME","Douglas-fir","DF",44,13.1,60,45,1,"Y",0,0,20.9,0.209375244753828,966
"967",242631,"31_20",18,"DF",202,"PSME","Douglas-fir","DF",29,9.3,66,45,1,"Y",0,0,12.7,0.209375244753828,967
"968",242631,"31_20",3,"DF",202,"PSME","Douglas-fir","DF",,2,15,,,"Y",,,0.2,1.30859527971143,968
"969",242631,"31_20",15,"DF",202,"PSME","Douglas-fir","DF",62,12.5,83,50,1,"Y",0,0,28.2,0.209375244753828,969
"970",242631,"31_20",11,"DF",202,"PSME","Douglas-fir","DF",52,11.2,67,35,1,"Y",0,0,17.9,0.209375244753828,970
"971",242631,"31_20",20,"DF",202,"PSME","Douglas-fir","DF",24,14.1,73,50,1,"Y",0,0,29.7,0.209375244753828,971
"972",242631,"31_20",22,"DF",202,"PSME","Douglas-fir","DF",20,13.5,70,65,1,"Y",0,0,26.2,0.209375244753828,972
"973",242631,"31_20",2,"DF",202,"PSME","Douglas-fir","DF",,1,12,,,"Y",,,0.1,1.30859527971143,973
"974",242631,"31_20",14,"DF",202,"PSME","Douglas-fir","DF",62,11.2,64,35,1,"Y",0,0,17,0.209375244753828,974
"975",242631,"31_20",3,"DF",202,"PSME","Douglas-fir","DF",,2,15,,,"Y",,,0.2,1.30859527971143,975
"976",242631,"31_20",17,"DF",202,"PSME","Douglas-fir","DF",50,11.2,63,40,1,"Y",0,0,16.7,0.209375244753828,976
"977",242631,"31_20",16,"DF",202,"PSME","Douglas-fir","DF",48,10.6,75,35,1,"Y",0,0,18.7,0.209375244753828,977
"978",242631,"31_20",1,"DF",202,"PSME","Douglas-fir","DF",53,10.1,61,75,1,"Y",0,0,13.4,0.209375244753828,978
"979",242631,"31_20",2,"DF",202,"PSME","Douglas-fir","DF",,1,12,,,"Y",,,0.1,1.30859527971143,979
"980",242631,"31_20",9,"DF",202,"PSME","Douglas-fir","DF",30,12.4,93,40,1,"Y",0,0,32,0.209375244753828,980
"981",242631,"31_20",19,"DF",202,"PSME","Douglas-fir","DF",26,9.7,60,50,1,"Y",0,0,12.2,0.209375244753828,981
"982",242631,"31_20",23,"DF",202,"PSME","Douglas-fir","DF",26,9.7,51,40,1,"Y",0,0,10.3,0.209375244753828,982
"983",242631,"31_20",2,"DF",202,"PSME","Douglas-fir","DF",,1,12,,,"Y",,,0.1,1.30859527971143,983
"984",242631,"31_28",22,"DF",202,"PSME","Douglas-fir","DF",28,9.2,58,65,1,"Y",0,0,10.7,0.0261424142852557,984
"985",242631,"31_28",24,"CH",760,"PRUNU","Cherry","OtherBroadLeaved",21,7.7,43,75,1,"Y",0,0,9.9,0.0261424142852557,985
"986",242631,"31_28",12,"DF",202,"PSME","Douglas-fir","DF",38,11,66,85,1,"Y",0,0,17.1,0.0261424142852557,986
"987",242631,"31_28",3,"DF",202,"PSME","Douglas-fir","DF",42,10.7,63,70,1,"Y",0,0,15.4,0.0261424142852557,987
"988",242631,"31_28",28,"DF",202,"PSME","Douglas-fir","DF",42,12.3,58,75,1,"Y",0,0,18.1,0.0261424142852557,988
"989",242631,"31_28",11,"DF",202,"PSME","Douglas-fir","DF",33,11.9,58,90,1,"Y",0,0,17,0.0261424142852557,989
"990",242631,"31_28",21,"DF",202,"PSME","Douglas-fir","DF",49,11,68,60,1,"Y",0,0,17.7,0.0261424142852557,990
"991",242631,"31_28",27,"DF",202,"PSME","Douglas-fir","DF",26,10.8,59,85,1,"Y",0,0,14.6,0.0261424142852557,991
"992",242631,"31_28",8,"DF",202,"PSME","Douglas-fir","DF",20,13.4,63,70,1,"Y",0,0,23,0.0261424142852557,992
"993",242631,"31_28",4,"DF",202,"PSME","Douglas-fir","DF",18,9.2,56,55,1,"Y",0,0,10.3,0.0261424142852557,993
"994",242631,"31_28",1,"CH",760,"PRUNU","Cherry","OtherBroadLeaved",,2,28,,,"Y",,,0.3,0.163390089282848,994
"995",242631,"31_28",15,"DF",202,"PSME","Douglas-fir","DF",46,13.4,62,75,1,"Y",0,0,22.6,0.0261424142852557,995
"996",242631,"31_28",16,"DF",202,"PSME","Douglas-fir","DF",53,10.7,59,70,1,"Y",0,0,14.3,0.0261424142852557,996
"997",242631,"31_28",5,"DF",202,"PSME","Douglas-fir","DF",6,7.9,59,65,1,"Y",0,0,8.3,0.0261424142852557,997
"998",242631,"31_28",2,"DF",202,"PSME","Douglas-fir","DF",45,12,63,75,1,"Y",0,0,18.9,0.0261424142852557,998
"999",242631,"31_28",10,"DF",202,"PSME","Douglas-fir","DF",26,13.1,64,85,1,"Y",0,0,22.4,0.0261424142852557,999
"1000",242631,"31_28",19,"DF",202,"PSME","Douglas-fir","DF",54,11.3,70,55,1,"Y",0,0,19.2,0.0261424142852557,1000
"1001",242631,"31_28",1,"DF",202,"PSME","Douglas-fir","DF",50,9.9,57,75,1,"Y",0,0,12,0.0261424142852557,1001
"1002",242631,"31_28",9,"DF",202,"PSME","Douglas-fir","DF",4,13.4,70,75,1,"Y",0,0,25.8,0.0261424142852557,1002
"1003",242631,"31_28",6,"DF",202,"PSME","Douglas-fir","DF",7,11.8,61,75,1,"Y",0,0,17.7,0.0261424142852557,1003
"1004",242631,"31_28",23,"DF",202,"PSME","Douglas-fir","DF",37,6.7,50,55,1,"Y",0,0,5.1,0.0261424142852557,1004
"1005",242631,"31_28",20,"DF",202,"PSME","Douglas-fir","DF",54,10.7,69,65,1,"Y",0,0,17.1,0.0261424142852557,1005
"1006",242631,"31_28",7,"DF",202,"PSME","Douglas-fir","DF",20,11.8,60,75,1,"Y",0,0,17.4,0.0261424142852557,1006
"1007",242631,"31_28",17,"DF",202,"PSME","Douglas-fir","DF",58,12.6,61,60,1,"Y",0,0,19.9,0.0261424142852557,1007
"1008",242631,"31_28",18,"DF",202,"PSME","Douglas-fir","DF",51,11.6,59,75,1,"Y",0,0,16.5,0.0261424142852557,1008
"1009",242631,"31_28",26,"DF",202,"PSME","Douglas-fir","DF",7,7.4,46,85,1,"Y",0,0,5.6,0.0261424142852557,1009
"1010",242631,"31_28",13,"DF",202,"PSME","Douglas-fir","DF",40,9.8,62,80,1,"Y",0,0,12.9,0.0261424142852557,1010
"1011",242631,"31_28",25,"DF",202,"PSME","Douglas-fir","DF",8,9.8,52,85,1,"Y",0,0,10.7,0.0261424142852557,1011
"1012",242631,"31_28",14,"DF",202,"PSME","Douglas-fir","DF",50,11.2,65,75,1,"Y",0,0,17.3,0.0261424142852557,1012
"1013",242631,"32_05",10,"DF",202,"PSME","Douglas-fir","DF",13,9.1,56,60,1,"Y",0,0,10.1,0.157419550413266,1013
"1014",242631,"32_05",22,"DF",202,"PSME","Douglas-fir","DF",17,9.3,55,60,1,"Y",0,0,10.3,0.157419550413266,1014
"1015",242631,"32_05",16,"DF",202,"PSME","Douglas-fir","DF",11,10.3,62,55,1,"Y",0,0,14.1,0.157419550413266,1015
"1016",242631,"32_05",13,"DF",202,"PSME","Douglas-fir","DF",15,7.9,42,35,1,"Y",0,0,5.8,0.157419550413266,1016
"1017",242631,"32_05",27,"DF",202,"PSME","Douglas-fir","DF",5,7.8,53,70,1,"Y",0,0,7.2,0.157419550413266,1017
"1018",242631,"32_05",26,"DF",202,"PSME","Douglas-fir","DF",19,6.7,55,70,1,"Y",0,0,5.7,0.157419550413266,1018
"1019",242631,"32_05",15,"DF",202,"PSME","Douglas-fir","DF",18,9,55,50,1,"Y",0,0,9.7,0.157419550413266,1019
"1020",242631,"32_05",4,"DF",202,"PSME","Douglas-fir","DF",7,8.1,60,45,1,"Y",0,0,8.9,0.157419550413266,1020
"1021",242631,"32_05",17,"DF",202,"PSME","Douglas-fir","DF",16,9.4,55,60,1,"Y",0,0,10.5,0.157419550413266,1021
"1022",242631,"32_05",24,"DF",202,"PSME","Douglas-fir","DF",6,10.7,64,60,1,"Y",0,0,15.7,0.157419550413266,1022
"1023",242631,"32_05",28,"DF",202,"PSME","Douglas-fir","DF",10,8.8,61,50,1,"Y",0,0,10.5,0.157419550413266,1023
"1024",242631,"32_05",2,"OM",981,"UMCA","Oregon myrtle","OM",,2,23,,,"Y",,,0.3,0.983872190082913,1024
"1025",242631,"32_05",8,"DF",202,"PSME","Douglas-fir","DF",12,7,57,70,1,"Y",0,0,6.4,0.157419550413266,1025
"1026",242631,"32_05",5,"DF",202,"PSME","Douglas-fir","DF",16,9.9,66,40,1,"Y",0,0,14.2,0.157419550413266,1026
"1027",242631,"32_05",14,"DF",202,"PSME","Douglas-fir","DF",14,8.7,45,60,1,"Y",0,0,7.4,0.157419550413266,1027
"1028",242631,"32_05",2,"OM",981,"UMCA","Oregon myrtle","OM",,2,23,,,"Y",,,0.3,0.983872190082913,1028
"1029",242631,"32_05",23,"DF",202,"PSME","Douglas-fir","DF",6,6.2,43,75,1,"Y",0,0,3.8,0.157419550413266,1029
"1030",242631,"32_05",20,"DF",202,"PSME","Douglas-fir","DF",7,8.5,50,50,1,"Y",0,0,7.9,0.157419550413266,1030
"1031",242631,"32_05",18,"DF",202,"PSME","Douglas-fir","DF",5,8.5,54,50,1,"Y",0,0,8.6,0.157419550413266,1031
"1032",242631,"32_05",25,"DF",202,"PSME","Douglas-fir","DF",17,11.2,66,60,1,"Y",0,0,17.6,0.157419550413266,1032
"1033",242631,"32_05",11,"DF",202,"PSME","Douglas-fir","DF",11,6.3,51,30,1,"Y",0,0,4.6,0.157419550413266,1033
"1034",242631,"32_05",9,"DF",202,"PSME","Douglas-fir","DF",23,11.6,55,50,1,"Y",0,0,15.4,0.157419550413266,1034
"1035",242631,"32_05",21,"DF",202,"PSME","Douglas-fir","DF",2,6,45,50,1,"Y",0,0,3.7,0.157419550413266,1035
"1036",242631,"32_05",3,"DF",202,"PSME","Douglas-fir","DF",13,9.1,56,50,1,"Y",0,0,10.1,0.157419550413266,1036
"1037",242631,"32_05",1,"DF",202,"PSME","Douglas-fir","DF",4,9.8,55,50,1,"Y",0,0,11.3,0.157419550413266,1037
"1038",242631,"32_05",1,"DF",202,"PSME","Douglas-fir","DF",,5,32,,,"Y",,,1.9,0.983872190082913,1038
"1039",242631,"32_05",6,"DF",202,"PSME","Douglas-fir","DF",7,8.4,60,55,1,"Y",0,0,9.5,0.157419550413266,1039
"1040",242631,"32_05",12,"DF",202,"PSME","Douglas-fir","DF",16,9.8,47,50,1,"Y",0,0,9.7,0.157419550413266,1040
"1041",242631,"32_05",19,"DF",202,"PSME","Douglas-fir","DF",5,7,42,45,1,"Y",0,0,4.6,0.157419550413266,1041
"1042",242631,"32_05",7,"DF",202,"PSME","Douglas-fir","DF",20,10.3,67,60,1,"Y",0,0,15.5,0.157419550413266,1042
"1043",242631,"32_05",3,"OM",981,"UMCA","Oregon myrtle","OM",,1,9,,,"Y",,,0,0.983872190082913,1043
"1044",242631,"32_05",2,"DF",202,"PSME","Douglas-fir","DF",3,7.9,52,55,1,"Y",0,0,7.2,0.157419550413266,1044
"1045",242631,"32_13",2,"DF",202,"PSME","Douglas-fir","DF",15,10.1,70,40,1,"Y",0,0,15.8,0.0263301010464459,1045
"1046",242631,"32_13",34,"OM",981,"UMCA","Oregon myrtle","OM",15,5.5,52,25,1,"Y",0,0,5.6,0.0263301010464459,1046
"1047",242631,"32_13",18,"DF",202,"PSME","Douglas-fir","DF",15,6.9,61,45,1,"Y",0,0,6.7,0.0263301010464459,1047
"1048",242631,"32_13",2,"DF",202,"PSME","Douglas-fir","DF",,4,19,,,"Y",,,0.9,0.164563131540287,1048
"1049",242631,"32_13",4,"DF",202,"PSME","Douglas-fir","DF",12,12.8,79,40,1,"Y",0,0,27.6,0.0263301010464459,1049
"1050",242631,"32_13",37,"DF",202,"PSME","Douglas-fir","DF",23,11.7,81,35,1,"Y",0,0,24.4,0.0263301010464459,1050
"1051",242631,"32_13",21,"DF",202,"PSME","Douglas-fir","DF",7,10.6,69,30,1,"Y",0,0,16.9,0.0263301010464459,1051
"1052",242631,"32_13",19,"DF",202,"PSME","Douglas-fir","DF",11,12.6,68,70,1,"Y",0,0,22.4,0.0263301010464459,1052
"1053",242631,"32_13",1,"DF",202,"PSME","Douglas-fir","DF",,2,17,,,"Y",,,0.2,0.164563131540287,1053
"1054",242631,"32_13",14,"DF",202,"PSME","Douglas-fir","DF",7,7,59,40,1,"Y",0,0,6.6,0.0263301010464459,1054
"1055",242631,"32_13",31,"DF",202,"PSME","Douglas-fir","DF",13,7.4,67,25,1,"Y",0,0,8.5,0.0263301010464459,1055
"1056",242631,"32_13",8,"DF",202,"PSME","Douglas-fir","DF",6,13.2,90,40,1,"Y",0,0,34.3,0.0263301010464459,1056
"1057",242631,"32_13",25,"DF",202,"PSME","Douglas-fir","DF",1,9.3,65,40,1,"Y",0,0,12.5,0.0263301010464459,1057
"1058",242631,"32_13",29,"DF",202,"PSME","Douglas-fir","DF",11,8.1,75,20,1,"Y",0,0,11.5,0.0263301010464459,1058
"1059",242631,"32_13",35,"OM",981,"UMCA","Oregon myrtle","OM",16,6.6,56,30,1,"Y",0,0,8.3,0.0263301010464459,1059
"1060",242631,"32_13",12,"DF",202,"PSME","Douglas-fir","DF",3,12,73,70,1,"Y",0,0,22.4,0.0263301010464459,1060
"1061",242631,"32_13",36,"DF",202,"PSME","Douglas-fir","DF",15,10,71,30,1,"Y",0,0,15.8,0.0263301010464459,1061
"1062",242631,"32_13",6,"DF",202,"PSME","Douglas-fir","DF",8,8.4,83,40,1,"Y",0,0,13.9,0.0263301010464459,1062
"1063",242631,"32_13",7,"DF",202,"PSME","Douglas-fir","DF",5,7.5,59,40,1,"Y",0,0,7.6,0.0263301010464459,1063
"1064",242631,"32_13",27,"DF",202,"PSME","Douglas-fir","DF",8,14.9,89,55,1,"Y",0,0,41.5,0.0263301010464459,1064
"1065",242631,"32_13",3,"DF",202,"PSME","Douglas-fir","DF",12,6.8,61,35,1,"Y",0,0,6.5,0.0263301010464459,1065
"1066",242631,"32_13",11,"DF",202,"PSME","Douglas-fir","DF",11,14.2,88,75,1,"Y",0,0,37.7,0.0263301010464459,1066
"1067",242631,"32_13",23,"DF",202,"PSME","Douglas-fir","DF",5,9.6,66,15,1,"Y",0,0,13.4,0.0263301010464459,1067
"1068",242631,"32_13",15,"DF",202,"PSME","Douglas-fir","DF",11,15.2,75,75,1,"Y",0,0,34.9,0.0263301010464459,1068
"1069",242631,"32_13",13,"DF",202,"PSME","Douglas-fir","DF",11,5.9,55,40,1,"Y",0,0,4.5,0.0263301010464459,1069
"1070",242631,"32_13",30,"DF",202,"PSME","Douglas-fir","DF",11,9.4,79,25,1,"Y",0,0,16.1,0.0263301010464459,1070
"1071",242631,"32_13",24,"OM",981,"UMCA","Oregon myrtle","OM",1,7.3,42,80,1,"Y",0,0,8.8,0.0263301010464459,1071
"1072",242631,"32_13",5,"DF",202,"PSME","Douglas-fir","DF",15,13.3,85,45,1,"Y",0,0,32.3,0.0263301010464459,1072
"1073",242631,"32_13",26,"DF",202,"PSME","Douglas-fir","DF",1,8.5,60,30,1,"Y",0,0,9.7,0.0263301010464459,1073
"1074",242631,"32_13",17,"DF",202,"PSME","Douglas-fir","DF",12,6.2,55,40,1,"Y",0,0,4.9,0.0263301010464459,1074
"1075",242631,"32_13",3,"DF",202,"PSME","Douglas-fir","DF",,1,6,,,"Y",,,0,0.164563131540287,1075
"1076",242631,"32_13",33,"OM",981,"UMCA","Oregon myrtle","OM",14,5.5,52,25,1,"Y",0,0,5.6,0.0263301010464459,1076
"1077",242631,"32_13",10,"DF",202,"PSME","Douglas-fir","DF",4,10.4,70,50,1,"Y",0,0,16.6,0.0263301010464459,1077
"1078",242631,"32_13",1,"DF",202,"PSME","Douglas-fir","DF",17,11.8,76,45,1,"Y",0,0,22.9,0.0263301010464459,1078
"1079",242631,"32_13",28,"DF",202,"PSME","Douglas-fir","DF",10,7.1,65,25,1,"Y",0,0,7.6,0.0263301010464459,1079
"1080",242631,"32_13",22,"DF",202,"PSME","Douglas-fir","DF",7,7.3,76,35,1,"Y",0,0,9.7,0.0263301010464459,1080
"1081",242631,"32_13",32,"DF",202,"PSME","Douglas-fir","DF",14,7.2,63,20,1,"Y",0,0,7.5,0.0263301010464459,1081
"1082",242631,"32_13",9,"DF",202,"PSME","Douglas-fir","DF",2,5.8,44,60,1,"Y",0,0,3.4,0.0263301010464459,1082
"1083",242631,"32_13",20,"DF",202,"PSME","Douglas-fir","DF",12,13.1,88,70,1,"Y",0,0,32.9,0.0263301010464459,1083
"1084",242631,"32_13",16,"DF",202,"PSME","Douglas-fir","DF",14,13.2,80,75,1,"Y",0,0,29.6,0.0263301010464459,1084
"1085",242631,"33_08",17,"DF",202,"PSME","Douglas-fir","DF",14,10.9,76,50,1,"Y",0,0,19.9,0.0256905877803749,1085
"1086",242631,"33_08",2,"DF",202,"PSME","Douglas-fir","DF",19,11.3,75,65,1,"Y",0,0,20.9,0.0256905877803749,1086
"1087",242631,"33_08",5,"DF",202,"PSME","Douglas-fir","DF",10,11.6,79,70,1,"Y",0,0,23.3,0.0256905877803749,1087
"1088",242631,"33_08",8,"DF",202,"PSME","Douglas-fir","DF",4,11.2,82,50,1,"Y",0,0,23,0.0256905877803749,1088
"1089",242631,"33_08",23,"DF",202,"PSME","Douglas-fir","DF",8,5.6,40,40,1,"Y",0,0,2.9,0.0256905877803749,1089
"1090",242631,"33_08",1,"DF",202,"PSME","Douglas-fir","DF",21,8.2,60,55,1,"Y",0,0,9.1,0.0256905877803749,1090
"1091",242631,"33_08",24,"DF",202,"PSME","Douglas-fir","DF",10,46.8,222,25,2,"Y",0,0,792.4,0.0256905877803749,1091
"1092",242631,"33_08",30,"DF",202,"PSME","Douglas-fir","DF",21,10,71,50,1,"Y",0,0,15.8,0.0256905877803749,1092
"1093",242631,"33_08",29,"DF",202,"PSME","Douglas-fir","DF",24,12.3,75,60,1,"Y",0,0,24.2,0.0256905877803749,1093
"1094",242631,"33_08",16,"DF",202,"PSME","Douglas-fir","DF",22,8.7,63,40,1,"Y",0,0,10.7,0.0256905877803749,1094
"1095",242631,"33_08",13,"DF",202,"PSME","Douglas-fir","DF",21,9.1,59,50,1,"Y",0,0,10.7,0.0256905877803749,1095
"1096",242631,"33_08",7,"DF",202,"PSME","Douglas-fir","DF",5,8.7,71,70,1,"Y",0,0,12.3,0.0256905877803749,1096
"1097",242631,"33_08",14,"DF",202,"PSME","Douglas-fir","DF",18,8.7,68,45,1,"Y",0,0,11.7,0.0256905877803749,1097
"1098",242631,"33_08",27,"DF",202,"PSME","Douglas-fir","DF",19,7.8,63,65,1,"Y",0,0,8.8,0.0256905877803749,1098
"1099",242631,"33_08",10,"DF",202,"PSME","Douglas-fir","DF",9,9.8,64,70,1,"Y",0,0,13.4,0.0256905877803749,1099
"1100",242631,"33_08",9,"DF",202,"PSME","Douglas-fir","DF",7,14.3,85,40,1,"Y",0,0,36.6,0.0256905877803749,1100
"1101",242631,"33_08",6,"DF",202,"PSME","Douglas-fir","DF",11,9.3,73,50,1,"Y",0,0,14.4,0.0256905877803749,1101
"1102",242631,"33_08",21,"DF",202,"PSME","Douglas-fir","DF",1,9.1,59,30,1,"Y",0,0,10.7,0.0256905877803749,1102
"1103",242631,"33_08",3,"DF",202,"PSME","Douglas-fir","DF",15,12.3,77,70,1,"Y",0,0,25,0.0256905877803749,1103
"1104",242631,"33_08",15,"DF",202,"PSME","Douglas-fir","DF",14,13.4,78,50,1,"Y",0,0,29.4,0.0256905877803749,1104
"1105",242631,"33_08",25,"DF",202,"PSME","Douglas-fir","DF",15,46.4,26,0,2,"N",3,0,133.1,0.0256905877803749,1105
"1106",242631,"33_08",1,"OM",981,"UMCA","Oregon myrtle","OM",,1,15,,,"Y",,,0,0.160566173627343,1106
"1107",242631,"33_08",26,"DF",202,"PSME","Douglas-fir","DF",22,10.9,73,70,1,"Y",0,0,19,0.0256905877803749,1107
"1108",242631,"33_08",12,"DF",202,"PSME","Douglas-fir","DF",13,10.9,66,55,1,"Y",0,0,16.8,0.0256905877803749,1108
"1109",242631,"33_08",22,"DF",202,"PSME","Douglas-fir","DF",16,13.4,72,60,1,"Y",0,0,26.7,0.0256905877803749,1109
"1110",242631,"33_08",18,"DF",202,"PSME","Douglas-fir","DF",15,9.8,72,70,1,"Y",0,0,15.5,0.0256905877803749,1110
"1111",242631,"33_08",20,"DF",202,"PSME","Douglas-fir","DF",1,7.8,56,45,1,"Y",0,0,7.7,0.0256905877803749,1111
"1112",242631,"33_08",11,"DF",202,"PSME","Douglas-fir","DF",19,11.3,84,45,1,"Y",0,0,24.1,0.0256905877803749,1112
"1113",242631,"33_08",19,"DF",202,"PSME","Douglas-fir","DF",6,9.8,68,65,1,"Y",0,0,14.4,0.0256905877803749,1113
"1114",242631,"33_08",4,"DF",202,"PSME","Douglas-fir","DF",5,6.4,59,45,1,"Y",0,0,5.6,0.0256905877803749,1114
"1115",242631,"33_08",28,"DF",202,"PSME","Douglas-fir","DF",23,10.8,74,50,1,"Y",0,0,19,0.0256905877803749,1115
"1116",242631,"33_24",5,"DF",202,"PSME","Douglas-fir","DF",25,6.8,39,70,1,"Y",0,0,4.1,0.104924947857315,1116
"1117",242631,"33_24",1,"OM",981,"UMCA","Oregon myrtle","OM",,1,9,,,"Y",,,0,0.65578092410822,1117
"1118",242631,"33_24",1,"OM",981,"UMCA","Oregon myrtle","OM",,1,9,,,"Y",,,0,0.65578092410822,1118
"1119",242631,"33_24",1,"OM",981,"UMCA","Oregon myrtle","OM",,1,9,,,"Y",,,0,0.65578092410822,1119
"1120",242631,"33_24",1,"OM",981,"UMCA","Oregon myrtle","OM",,1,9,,,"Y",,,0,0.65578092410822,1120
"1121",242631,"33_24",1,"OM",981,"UMCA","Oregon myrtle","OM",,1,9,,,"Y",,,0,0.65578092410822,1121
"1122",242631,"33_24",8,"DF",202,"PSME","Douglas-fir","DF",2,5.8,40,75,1,"Y",0,0,3.1,0.104924947857315,1122
"1123",242631,"33_24",1,"DF",202,"PSME","Douglas-fir","DF",22,7.8,41,75,1,"Y",0,0,5.6,0.104924947857315,1123
"1124",242631,"33_24",6,"DF",202,"PSME","Douglas-fir","DF",2,6.5,37,75,1,"Y",0,0,3.6,0.104924947857315,1124
"1125",242631,"33_24",2,"DF",202,"PSME","Douglas-fir","DF",39,6.1,37,70,1,"Y",0,0,3.2,0.104924947857315,1125
"1126",242631,"33_24",3,"DF",202,"PSME","Douglas-fir","DF",39,5.5,36,75,1,"Y",0,0,2.5,0.104924947857315,1126
"1127",242631,"33_24",7,"DF",202,"PSME","Douglas-fir","DF",2,7.4,40,70,1,"Y",0,0,4.9,0.104924947857315,1127
"1128",242631,"33_24",4,"DF",202,"PSME","Douglas-fir","DF",39,7.3,41,70,1,"Y",0,0,4.9,0.104924947857315,1128
"1129",242631,"43_23",12,"OM",981,"UMCA","Oregon myrtle","OM",44,11,67,80,3,"Y",0,0,25.3,0.0260748483196877,1129
"1130",242631,"43_23",5,"DF",202,"PSME","Douglas-fir","DF",28,6.9,45,55,1,"Y",0,0,4.8,0.0260748483196877,1130
"1131",242631,"43_23",19,"DF",202,"PSME","Douglas-fir","DF",24,7.3,45,50,1,"Y",0,0,5.4,0.0260748483196877,1131
"1132",242631,"43_23",16,"WH",263,"TSHE","Western hemlock","WH",0,11.3,60,85,1,"Y",0,0,17.2,0.0260748483196877,1132
"1133",242631,"43_23",20,"DF",202,"PSME","Douglas-fir","DF",29,7.1,54,55,1,"Y",0,0,6.2,0.0260748483196877,1133
"1134",242631,"43_23",3,"DF",202,"PSME","Douglas-fir","DF",43,6.3,43,60,1,"Y",0,0,3.9,0.0260748483196877,1134
"1135",242631,"43_23",13,"WH",263,"TSHE","Western hemlock","WH",41,11.7,76,75,1,"Y",0,0,24.5,0.0260748483196877,1135
"1136",242631,"43_23",3,"OM",981,"UMCA","Oregon myrtle","OM",,2,10,,,"Y",,,0.1,0.162967801998048,1136
"1137",242631,"43_23",23,"DF",202,"PSME","Douglas-fir","DF",60,5.7,41,55,1,"Y",0,0,3.1,0.0260748483196877,1137
"1138",242631,"43_23",1,"DF",202,"PSME","Douglas-fir","DF",59,6,40,55,1,"Y",0,0,3.3,0.0260748483196877,1138
"1139",242631,"43_23",2,"OM",981,"UMCA","Oregon myrtle","OM",,1,9,,,"Y",,,0,0.162967801998048,1139
"1140",242631,"43_23",10,"OM",981,"UMCA","Oregon myrtle","OM",57,9.4,32,65,1,"Y",0,0,7.7,0.0260748483196877,1140
"1141",242631,"43_23",9,"OM",981,"UMCA","Oregon myrtle","OM",56,10,50,60,1,"Y",0,0,17.8,0.0260748483196877,1141
"1142",242631,"43_23",22,"DF",202,"PSME","Douglas-fir","DF",58,5.6,37,40,1,"Y",0,0,2.7,0.0260748483196877,1142
"1143",242631,"43_23",18,"OM",981,"UMCA","Oregon myrtle","OM",10,6.1,45,80,1,"Y",0,0,6.4,0.0260748483196877,1143
"1144",242631,"43_23",2,"OM",981,"UMCA","Oregon myrtle","OM",,1,9,,,"Y",,,0,0.162967801998048,1144
"1145",242631,"43_23",4,"DF",202,"PSME","Douglas-fir","DF",47,5.6,56,60,1,"Y",0,0,4.1,0.0260748483196877,1145
"1146",242631,"43_23",8,"OM",981,"UMCA","Oregon myrtle","OM",63,5.5,56,85,1,"Y",0,0,5.8,0.0260748483196877,1146
"1147",242631,"43_23",2,"DF",202,"PSME","Douglas-fir","DF",52,6.6,46,60,1,"Y",0,0,4.5,0.0260748483196877,1147
"1148",242631,"43_23",7,"WH",263,"TSHE","Western hemlock","WH",58,33.5,185,75,1,"Y",0,0,412,0.0260748483196877,1148
"1149",242631,"43_23",17,"OM",981,"UMCA","Oregon myrtle","OM",11,7.9,40,80,1,"Y",0,0,10.1,0.0260748483196877,1149
"1150",242631,"43_23",2,"OM",981,"UMCA","Oregon myrtle","OM",,1,9,,,"Y",,,0,0.162967801998048,1150
"1151",242631,"43_23",6,"WH",263,"TSHE","Western hemlock","WH",49,32.5,137,75,2,"Y",0,0,276.5,0.0260748483196877,1151
"1152",242631,"43_23",2,"OM",981,"UMCA","Oregon myrtle","OM",,1,9,,,"Y",,,0,0.162967801998048,1152
"1153",242631,"43_23",1,"WH",263,"TSHE","Western hemlock","WH",,1,5,,,"Y",,,0,0.162967801998048,1153
"1154",242631,"43_23",14,"OM",981,"UMCA","Oregon myrtle","OM",30,14.3,39,25,3,"Y",0,0,32.6,0.0260748483196877,1154
"1155",242631,"43_23",15,"OM",981,"UMCA","Oregon myrtle","OM",26,19.7,67,60,1,"Y",0,0,80.9,0.0260748483196877,1155
"1156",242631,"43_23",2,"OM",981,"UMCA","Oregon myrtle","OM",,1,9,,,"Y",,,0,0.162967801998048,1156
"1157",242631,"43_23",4,"DF",202,"PSME","Douglas-fir","DF",,1,5,,,"Y",,,0,0.162967801998048,1157
"1158",242631,"43_23",11,"RA",351,"ALRU","Red alder","RA",45,14,78,65,1,"Y",0,0,40.8,0.0260748483196877,1158
"1159",242631,"43_23",21,"DF",202,"PSME","Douglas-fir","DF",46,5.9,43,50,1,"Y",0,0,3.4,0.0260748483196877,1159
"1160",242631,"83_05",1,"DF",202,"PSME","Douglas-fir","DF",47,35.1,183,50,2,"Y",0,0,403,0.034352405099331,1160
"1161",242631,"83_A09",1,"RA",351,"ALRU","Red alder","RA",88,7.5,38,70,1,"Y",0,0,8.4,0.0361753181783057,1161
"1162",242631,"83_A09",3,"RA",351,"ALRU","Red alder","RA",,3,17,,,"Y",,,0.4,0.226095738614411,1162
"1163",242631,"83_A09",1,"RA",351,"ALRU","Red alder","RA",,2,18,,,"Y",,,0.2,0.226095738614411,1163
"1164",242631,"83_A09",7,"BM",312,"ACMA","Bigleaf maple","BM",68,9.1,39,55,3,"Y",0,0,11.4,0.0361753181783057,1164
"1165",242631,"83_A09",4,"BM",312,"ACMA","Bigleaf maple","BM",23,13.8,52,50,1,"Y",0,0,34,0.0361753181783057,1165
"1166",242631,"83_A09",5,"RA",351,"ALRU","Red alder","RA",17,6.2,44,50,1,"Y",0,0,6.1,0.0361753181783057,1166
"1167",242631,"83_A09",2,"DF",202,"PSME","Douglas-fir","DF",85,60.1,129,50,2,"Y",0,0,519.2,0.0361753181783057,1167
"1168",242631,"83_A09",2,"RA",351,"ALRU","Red alder","RA",,5,36,,,"Y",,,3.6,0.226095738614411,1168
"1169",242631,"83_A09",4,"RA",351,"ALRU","Red alder","RA",,1,16,,,"Y",,,0,0.226095738614411,1169
"1170",242631,"83_A09",6,"BM",312,"ACMA","Bigleaf maple","BM",9,22.3,43,60,1,"Y",0,0,88.6,0.0361753181783057,1170
"1171",242631,"83_A09",3,"RA",351,"ALRU","Red alder","RA",67,8.3,55,55,1,"Y",0,0,12,0.0361753181783057,1171
"1172",242631,"93_20",4,"OM",981,"UMCA","Oregon myrtle","OM",48,14.3,52,75,1,"Y",0,0,37,0.0347354346171002,1172
"1173",242631,"93_20",12,"DF",202,"PSME","Douglas-fir","DF",46,7.4,49,70,1,"Y",0,0,6,0.0347354346171002,1173
"1174",242631,"93_20",14,"DF",202,"PSME","Douglas-fir","DF",39,5.5,46,60,1,"Y",0,0,3.2,0.0347354346171002,1174
"1175",242631,"93_20",3,"OM",981,"UMCA","Oregon myrtle","OM",,3,28,,,"Y",,,0.7,0.217096466356876,1175
"1176",242631,"93_20",1,"DF",202,"PSME","Douglas-fir","DF",,1,8,,,"Y",,,0,0.217096466356876,1176
"1177",242631,"93_20",1,"DF",202,"PSME","Douglas-fir","DF",,1,8,,,"Y",,,0,0.217096466356876,1177
"1178",242631,"93_20",3,"OM",981,"UMCA","Oregon myrtle","OM",53,5.9,41,35,1,"Y",0,0,5.7,0.0347354346171002,1178
"1179",242631,"93_20",2,"DF",202,"PSME","Douglas-fir","DF",25,50.2,213,40,1,"Y",0,0,847.5,0.0347354346171002,1179
"1180",242631,"93_20",2,"OM",981,"UMCA","Oregon myrtle","OM",,5,37,,,"Y",,,3.9,0.217096466356876,1180
"1181",242631,"93_20",1,"DF",202,"PSME","Douglas-fir","DF",,1,8,,,"Y",,,0,0.217096466356876,1181
"1182",242631,"93_20",11,"DF",202,"PSME","Douglas-fir","DF",37,6.3,50,70,1,"Y",0,0,4.5,0.0347354346171002,1182
"1183",242631,"93_20",13,"DF",202,"PSME","Douglas-fir","DF",15,7,47,60,1,"Y",0,0,5.2,0.0347354346171002,1183
"1184",242631,"93_20",10,"DF",202,"PSME","Douglas-fir","DF",17,6.6,47,55,1,"Y",0,0,4.6,0.0347354346171002,1184
"1185",242631,"93_20",8,"DF",202,"PSME","Douglas-fir","DF",6,6.2,43,65,1,"Y",0,0,3.8,0.0347354346171002,1185
"1186",242631,"93_20",1,"DF",202,"PSME","Douglas-fir","DF",,1,8,,,"Y",,,0,0.217096466356876,1186
"1187",242631,"93_20",6,"OM",981,"UMCA","Oregon myrtle","OM",40,10.8,40,60,1,"Y",0,0,18.8,0.0347354346171002,1187
"1188",242631,"93_20",1,"DF",202,"PSME","Douglas-fir","DF",,1,8,,,"Y",,,0,0.217096466356876,1188
"1189",242631,"93_20",1,"DF",202,"PSME","Douglas-fir","DF",,1,8,,,"Y",,,0,0.217096466356876,1189
"1190",242631,"93_20",1,"DF",202,"PSME","Douglas-fir","DF",,1,8,,,"Y",,,0,0.217096466356876,1190
"1191",242631,"93_20",7,"OM",981,"UMCA","Oregon myrtle","OM",37,7,25,30,1,"Y",0,0,3.3,0.0347354346171002,1191
"1192",242631,"93_20",9,"DF",202,"PSME","Douglas-fir","DF",2,6,47,70,1,"Y",0,0,3.9,0.0347354346171002,1192
"1193",242631,"93_20",4,"OM",981,"UMCA","Oregon myrtle","OM",,4,29,,,"Y",,,1.3,0.217096466356876,1193
"1194",242631,"93_20",1,"DF",202,"PSME","Douglas-fir","DF",22,8.8,53,70,1,"Y",0,0,9,0.0347354346171002,1194
"1195",242631,"93_20",5,"OM",981,"UMCA","Oregon myrtle","OM",38,9.2,49,30,1,"Y",0,0,15,0.0347354346171002,1195
"1196",242631,"93_20",1,"DF",202,"PSME","Douglas-fir","DF",,1,8,,,"Y",,,0,0.217096466356876,1196
