"","OI_KEY","Plot_ID","TREE_IN_PLOT","SPoriginal","Num.Code","NRCS.Code","Common.Name","SP_SWO","INC","DBH","THT","CR","TOP","LIVE","DECAY","NEST","VOLUME","perAcreArea_raster2","Tree_Id"
"1",242405,"11_26",3,"DF",202,"PSME","Douglas-fir","DF",19,8,48,50,1,"Y",0,0,6.8,0.201722986250876,1
"2",242405,"11_26",14,"DF",202,"PSME","Douglas-fir","DF",22,6,43,90,1,"Y",0,0,3.5,0.201722986250876,2
"3",242405,"11_26",2,"TO",631,"LIDE3","Tanoak","TO",,2,15,,,"Y",,,0.2,1.26076866406798,3
"4",242405,"11_26",11,"DF",202,"PSME","Douglas-fir","DF",59,7.6,41,35,1,"Y",0,0,5.3,0.201722986250876,4
"5",242405,"11_26",15,"DF",202,"PSME","Douglas-fir","DF",48,7.1,42,35,1,"Y",0,0,4.8,0.201722986250876,5
"6",242405,"11_26",1,"TO",631,"LIDE3","Tanoak","TO",,1,10,,,"Y",,,0,1.26076866406798,6
"7",242405,"11_26",5,"DF",202,"PSME","Douglas-fir","DF",6,5.6,37,80,1,"Y",0,0,2.7,0.201722986250876,7
"8",242405,"11_26",1,"TO",631,"LIDE3","Tanoak","TO",,1,10,,,"Y",,,0,1.26076866406798,8
"9",242405,"11_26",2,"DF",202,"PSME","Douglas-fir","DF",73,6,35,80,1,"Y",0,0,2.9,0.201722986250876,9
"10",242405,"11_26",12,"DF",202,"PSME","Douglas-fir","DF",69,7.1,51,25,1,"Y",0,0,5.8,0.201722986250876,10
"11",242405,"11_26",3,"TO",631,"LIDE3","Tanoak","TO",,3,19,,,"Y",,,0.6,1.26076866406798,11
"12",242405,"11_26",2,"TO",631,"LIDE3","Tanoak","TO",,2,15,,,"Y",,,0.2,1.26076866406798,12
"13",242405,"11_26",7,"DF",202,"PSME","Douglas-fir","DF",44,7.6,40,30,1,"Y",0,0,5.2,0.201722986250876,13
"14",242405,"11_26",4,"DF",202,"PSME","Douglas-fir","DF",,1,12,,,"Y",,,0.1,1.26076866406798,14
"15",242405,"11_26",8,"DF",202,"PSME","Douglas-fir","DF",29,8.8,52,35,1,"Y",0,0,8.8,0.201722986250876,15
"16",242405,"11_26",2,"TO",631,"LIDE3","Tanoak","TO",,2,15,,,"Y",,,0.2,1.26076866406798,16
"17",242405,"11_26",10,"DF",202,"PSME","Douglas-fir","DF",60,6.8,45,80,1,"Y",0,0,4.7,0.201722986250876,17
"18",242405,"11_26",16,"DF",202,"PSME","Douglas-fir","DF",42,8,48,60,1,"Y",0,0,6.8,0.201722986250876,18
"19",242405,"11_26",4,"DF",202,"PSME","Douglas-fir","DF",5,7.1,40,85,1,"Y",0,0,4.6,0.201722986250876,19
"20",242405,"11_26",6,"DF",202,"PSME","Douglas-fir","DF",33,8,48,85,1,"Y",0,0,6.8,0.201722986250876,20
"21",242405,"11_26",9,"DF",202,"PSME","Douglas-fir","DF",61,7.8,37,55,1,"Y",0,0,5.1,0.201722986250876,21
"22",242405,"11_26",2,"TO",631,"LIDE3","Tanoak","TO",,2,15,,,"Y",,,0.2,1.26076866406798,22
"23",242405,"11_26",1,"TO",631,"LIDE3","Tanoak","TO",,1,10,,,"Y",,,0,1.26076866406798,23
"24",242405,"11_26",13,"DF",202,"PSME","Douglas-fir","DF",71,9.2,57,45,1,"Y",0,0,10.5,0.201722986250876,24
"25",242405,"11_26",3,"TO",631,"LIDE3","Tanoak","TO",,3,19,,,"Y",,,0.6,1.26076866406798,25
"26",242405,"11_26",17,"DF",202,"PSME","Douglas-fir","DF",16,7.7,44,40,1,"Y",0,0,5.8,0.201722986250876,26
"27",242405,"11_26",1,"DF",202,"PSME","Douglas-fir","DF",90,5.5,32,30,1,"Y",0,0,2.3,0.201722986250876,27
"28",242405,"11_26",1,"TO",631,"LIDE3","Tanoak","TO",,1,10,,,"Y",,,0,1.26076866406798,28
"29",242405,"11_26",1,"TO",631,"LIDE3","Tanoak","TO",,1,10,,,"Y",,,0,1.26076866406798,29
"30",242405,"13_10",11,"DF",202,"PSME","Douglas-fir","DF",52,7,40,80,1,"Y",0,0,4.4,0.0331640932907555,30
"31",242405,"13_10",5,"RC",242,"THPL","Western redcedar","RC",35,13,32,30,2,"Y",0,0,15.9,0.0331640932907555,31
"32",242405,"13_10",9,"DF",202,"PSME","Douglas-fir","DF",29,6.5,33,45,1,"Y",0,0,3.3,0.0331640932907555,32
"33",242405,"13_10",1,"DF",202,"PSME","Douglas-fir","DF",73,6,28,85,1,"Y",0,0,2.5,0.0331640932907555,33
"34",242405,"13_10",7,"RC",242,"THPL","Western redcedar","RC",47,8.7,26,50,2,"Y",0,0,6.2,0.0331640932907555,34
"35",242405,"13_10",4,"DF",202,"PSME","Douglas-fir","DF",6,7,43,80,1,"Y",0,0,4.7,0.0331640932907555,35
"36",242405,"13_10",4,"DF",202,"PSME","Douglas-fir","DF",,1,5,,,"Y",,,0,0.207275583067222,36
"37",242405,"13_10",3,"DF",202,"PSME","Douglas-fir","DF",,3,8,,,"Y",,,0.3,0.207275583067222,37
"38",242405,"13_10",6,"RC",242,"THPL","Western redcedar","RC",40,6,26,45,1,"Y",0,0,2.7,0.0331640932907555,38
"39",242405,"13_10",4,"DF",202,"PSME","Douglas-fir","DF",,1,5,,,"Y",,,0,0.207275583067222,39
"40",242405,"13_10",10,"DF",202,"PSME","Douglas-fir","DF",42,6.3,39,85,1,"Y",0,0,3.5,0.0331640932907555,40
"41",242405,"13_10",6,"GC",431,"CACH","Golden chinkapin","OtherBroadLeaved",,1,17,,,"Y",,,0,0.207275583067222,41
"42",242405,"13_10",13,"DF",202,"PSME","Douglas-fir","DF",102,8.1,40,40,1,"Y",0,0,5.8,0.0331640932907555,42
"43",242405,"13_10",1,"DF",202,"PSME","Douglas-fir","DF",,5,38,,,"Y",,,2.2,0.207275583067222,43
"44",242405,"13_10",12,"DF",202,"PSME","Douglas-fir","DF",101,8.2,39,85,1,"Y",0,0,5.8,0.0331640932907555,44
"45",242405,"13_10",5,"PM",361,"ARME","Pacific madrone","OtherBroadLeaved",,1,7,,,"Y",,,0,0.207275583067222,45
"46",242405,"13_10",1,"DF",202,"PSME","Douglas-fir","DF",,5,38,,,"Y",,,2.2,0.207275583067222,46
"47",242405,"13_10",14,"DF",202,"PSME","Douglas-fir","DF",117,5.7,35,35,1,"Y",0,0,2.6,0.0331640932907555,47
"48",242405,"13_10",2,"DF",202,"PSME","Douglas-fir","DF",,4,36,,,"Y",,,1.4,0.207275583067222,48
"49",242405,"13_10",8,"DF",202,"PSME","Douglas-fir","DF",53,52.5,174,45,2,"Y",0,1,703.3,0.0331640932907555,49
"50",242405,"13_10",3,"DF",202,"PSME","Douglas-fir","DF",24,6.5,44,40,1,"Y",0,0,4.2,0.0331640932907555,50
"51",242405,"13_10",2,"DF",202,"PSME","Douglas-fir","DF",46,6.3,45,85,1,"Y",0,0,4.1,0.0331640932907555,51
"52",242405,"21_08",14,"DF",202,"PSME","Douglas-fir","DF",11,13.4,82,65,1,"Y",0,0,31.3,0.306126383299339,52
"53",242405,"21_08",2,"DF",202,"PSME","Douglas-fir","DF",47,10.4,64,55,1,"Y",0,0,14.9,0.306126383299339,53
"54",242405,"21_08",19,"DF",202,"PSME","Douglas-fir","DF",23,8.5,59,65,1,"Y",0,0,9.5,0.306126383299339,54
"55",242405,"21_08",8,"DF",202,"PSME","Douglas-fir","DF",31,6,44,45,1,"Y",0,0,3.6,0.306126383299339,55
"56",242405,"21_08",9,"DF",202,"PSME","Douglas-fir","DF",40,9.5,62,45,1,"Y",0,0,12.3,0.306126383299339,56
"57",242405,"21_08",1,"DF",202,"PSME","Douglas-fir","DF",42,11.5,69,60,1,"Y",0,0,19.4,0.306126383299339,57
"58",242405,"21_08",3,"DF",202,"PSME","Douglas-fir","DF",50,11.2,68,55,1,"Y",0,0,18.2,0.306126383299339,58
"59",242405,"21_08",4,"DF",202,"PSME","Douglas-fir","DF",34,8,57,45,1,"Y",0,0,8.2,0.306126383299339,59
"60",242405,"21_08",5,"DF",202,"PSME","Douglas-fir","DF",25,10.6,64,55,1,"Y",0,0,15.4,0.306126383299339,60
"61",242405,"21_08",13,"DF",202,"PSME","Douglas-fir","DF",23,9.5,64,55,1,"Y",0,0,12.7,0.306126383299339,61
"62",242405,"21_08",7,"DF",202,"PSME","Douglas-fir","DF",7,6.5,44,50,1,"Y",0,0,4.2,0.306126383299339,62
"63",242405,"21_08",17,"DF",202,"PSME","Douglas-fir","DF",17,9,63,45,1,"Y",0,0,11.4,0.306126383299339,63
"64",242405,"21_08",6,"DF",202,"PSME","Douglas-fir","DF",3,7.4,43,45,3,"Y",0,0,5.3,0.306126383299339,64
"65",242405,"21_08",2,"RA",351,"ALRU","Red alder","RA",,1,10,,,"Y",,,0,1.91328989562087,65
"66",242405,"21_08",15,"DF",202,"PSME","Douglas-fir","DF",2,10.4,69,50,1,"Y",0,0,16.3,0.306126383299339,66
"67",242405,"21_08",18,"DF",202,"PSME","Douglas-fir","DF",23,12.5,65,65,1,"Y",0,0,21,0.306126383299339,67
"68",242405,"21_08",11,"DF",202,"PSME","Douglas-fir","DF",33,6.6,59,40,1,"Y",0,0,6,0.306126383299339,68
"69",242405,"21_08",2,"RA",351,"ALRU","Red alder","RA",,1,10,,,"Y",,,0,1.91328989562087,69
"70",242405,"21_08",12,"DF",202,"PSME","Douglas-fir","DF",33,9.4,67,55,1,"Y",0,0,13.2,0.306126383299339,70
"71",242405,"21_08",1,"DF",202,"PSME","Douglas-fir","DF",,4,18,,,"Y",,,0.9,1.91328989562087,71
"72",242405,"21_08",16,"DF",202,"PSME","Douglas-fir","DF",7,7.8,57,50,1,"Y",0,0,7.8,0.306126383299339,72
"73",242405,"21_08",10,"DF",202,"PSME","Douglas-fir","DF",43,11.6,72,50,1,"Y",0,0,20.8,0.306126383299339,73
"74",242405,"21_09",16,"DF",202,"PSME","Douglas-fir","DF",9,11,62,70,1,"Y",0,0,15.9,0.0674258706881687,74
"75",242405,"21_09",11,"DF",202,"PSME","Douglas-fir","DF",19,8.6,46,85,1,"Y",0,0,7.4,0.0674258706881687,75
"76",242405,"21_09",17,"DF",202,"PSME","Douglas-fir","DF",12,12.1,70,65,1,"Y",0,0,21.6,0.0674258706881687,76
"77",242405,"21_09",10,"DF",202,"PSME","Douglas-fir","DF",19,9.3,53,90,1,"Y",0,0,9.9,0.0674258706881687,77
"78",242405,"21_09",2,"DF",202,"PSME","Douglas-fir","DF",10,11.2,64,65,1,"Y",0,0,17,0.0674258706881687,78
"79",242405,"21_09",19,"DF",202,"PSME","Douglas-fir","DF",17,9.8,57,80,1,"Y",0,0,11.8,0.0674258706881687,79
"80",242405,"21_09",20,"DF",202,"PSME","Douglas-fir","DF",17,14,64,65,1,"Y",0,0,25.2,0.0674258706881687,80
"81",242405,"21_09",21,"DF",202,"PSME","Douglas-fir","DF",15,10.2,64,70,1,"Y",0,0,14.4,0.0674258706881687,81
"82",242405,"21_09",1,"DF",202,"PSME","Douglas-fir","DF",13,11.7,65,70,1,"Y",0,0,18.7,0.0674258706881687,82
"83",242405,"21_09",9,"DF",202,"PSME","Douglas-fir","DF",14,9,57,75,1,"Y",0,0,10.1,0.0674258706881687,83
"84",242405,"21_09",4,"DF",202,"PSME","Douglas-fir","DF",4,12.2,59,70,1,"Y",0,0,18.1,0.0674258706881687,84
"85",242405,"21_09",18,"DF",202,"PSME","Douglas-fir","DF",15,13.1,69,65,1,"Y",0,0,24.4,0.0674258706881687,85
"86",242405,"21_09",12,"DF",202,"PSME","Douglas-fir","DF",21,10.2,61,75,1,"Y",0,0,13.6,0.0674258706881687,86
"87",242405,"21_09",8,"DF",202,"PSME","Douglas-fir","DF",17,10.6,70,65,1,"Y",0,0,17.1,0.0674258706881687,87
"88",242405,"21_09",3,"DF",202,"PSME","Douglas-fir","DF",4,8.5,61,65,1,"Y",0,0,9.9,0.0674258706881687,88
"89",242405,"21_09",15,"DF",202,"PSME","Douglas-fir","DF",6,11.2,62,70,1,"Y",0,0,16.4,0.0674258706881687,89
"90",242405,"21_09",13,"DF",202,"PSME","Douglas-fir","DF",7,10.1,67,80,1,"Y",0,0,15,0.0674258706881687,90
"91",242405,"21_09",14,"DF",202,"PSME","Douglas-fir","DF",11,11.8,72,75,1,"Y",0,0,21.4,0.0674258706881687,91
"92",242405,"21_09",6,"DF",202,"PSME","Douglas-fir","DF",1,11,69,75,1,"Y",0,0,18,0.0674258706881687,92
"93",242405,"21_09",7,"DF",202,"PSME","Douglas-fir","DF",13,9.9,67,80,1,"Y",0,0,14.4,0.0674258706881687,93
"94",242405,"21_09",5,"DF",202,"PSME","Douglas-fir","DF",2,10.6,66,70,1,"Y",0,0,16,0.0674258706881687,94
"95",242405,"21_21",1,"TO",631,"LIDE3","Tanoak","TO",,1,5,,,"Y",,,0,0.427600657293989,95
"96",242405,"21_21",21,"DF",202,"PSME","Douglas-fir","DF",28,7.5,52,85,1,"Y",0,0,6.6,0.0684161051670383,96
"97",242405,"21_21",1,"TO",631,"LIDE3","Tanoak","TO",,1,5,,,"Y",,,0,0.427600657293989,97
"98",242405,"21_21",1,"TO",631,"LIDE3","Tanoak","TO",,1,5,,,"Y",,,0,0.427600657293989,98
"99",242405,"21_21",13,"DF",202,"PSME","Douglas-fir","DF",67,5.8,39,85,1,"Y",0,0,3,0.0684161051670383,99
"100",242405,"21_21",18,"DF",202,"PSME","Douglas-fir","DF",18,9.1,53,85,1,"Y",0,0,9.5,0.0684161051670383,100
"101",242405,"21_21",1,"TO",631,"LIDE3","Tanoak","TO",,1,5,,,"Y",,,0,0.427600657293989,101
"102",242405,"21_21",1,"TO",631,"LIDE3","Tanoak","TO",,1,5,,,"Y",,,0,0.427600657293989,102
"103",242405,"21_21",1,"TO",631,"LIDE3","Tanoak","TO",,1,5,,,"Y",,,0,0.427600657293989,103
"104",242405,"21_21",6,"DF",202,"PSME","Douglas-fir","DF",41,5.7,45,80,1,"Y",0,0,3.4,0.0684161051670383,104
"105",242405,"21_21",10,"DF",202,"PSME","Douglas-fir","DF",37,6.2,43,85,1,"Y",0,0,3.8,0.0684161051670383,105
"106",242405,"21_21",1,"TO",631,"LIDE3","Tanoak","TO",,1,5,,,"Y",,,0,0.427600657293989,106
"107",242405,"21_21",11,"DF",202,"PSME","Douglas-fir","DF",65,7.6,48,80,1,"Y",0,0,6.2,0.0684161051670383,107
"108",242405,"21_21",1,"TO",631,"LIDE3","Tanoak","TO",,1,5,,,"Y",,,0,0.427600657293989,108
"109",242405,"21_21",20,"DF",202,"PSME","Douglas-fir","DF",31,7.2,43,85,1,"Y",0,0,5,0.0684161051670383,109
"110",242405,"21_21",1,"TO",631,"LIDE3","Tanoak","TO",,1,5,,,"Y",,,0,0.427600657293989,110
"111",242405,"21_21",1,"TO",631,"LIDE3","Tanoak","TO",,1,5,,,"Y",,,0,0.427600657293989,111
"112",242405,"21_21",19,"DF",202,"PSME","Douglas-fir","DF",3,6.9,40,85,1,"Y",0,0,4.3,0.0684161051670383,112
"113",242405,"21_21",1,"TO",631,"LIDE3","Tanoak","TO",,1,5,,,"Y",,,0,0.427600657293989,113
"114",242405,"21_21",1,"TO",631,"LIDE3","Tanoak","TO",,1,5,,,"Y",,,0,0.427600657293989,114
"115",242405,"21_21",9,"DF",202,"PSME","Douglas-fir","DF",9,8.1,45,85,1,"Y",0,0,6.5,0.0684161051670383,115
"116",242405,"21_21",1,"TO",631,"LIDE3","Tanoak","TO",,1,5,,,"Y",,,0,0.427600657293989,116
"117",242405,"21_21",12,"DF",202,"PSME","Douglas-fir","DF",62,6.2,41,85,1,"Y",0,0,3.6,0.0684161051670383,117
"118",242405,"21_21",8,"DF",202,"PSME","Douglas-fir","DF",3,5.8,22,80,1,"Y",0,0,2,0.0684161051670383,118
"119",242405,"21_21",1,"TO",631,"LIDE3","Tanoak","TO",,1,5,,,"Y",,,0,0.427600657293989,119
"120",242405,"21_21",1,"TO",631,"LIDE3","Tanoak","TO",,1,5,,,"Y",,,0,0.427600657293989,120
"121",242405,"21_21",1,"TO",631,"LIDE3","Tanoak","TO",,1,5,,,"Y",,,0,0.427600657293989,121
"122",242405,"21_21",7,"DF",202,"PSME","Douglas-fir","DF",14,8,42,85,1,"Y",0,0,6,0.0684161051670383,122
"123",242405,"21_21",1,"TO",631,"LIDE3","Tanoak","TO",,1,5,,,"Y",,,0,0.427600657293989,123
"124",242405,"21_21",1,"TO",631,"LIDE3","Tanoak","TO",,1,5,,,"Y",,,0,0.427600657293989,124
"125",242405,"21_21",1,"TO",631,"LIDE3","Tanoak","TO",,1,5,,,"Y",,,0,0.427600657293989,125
"126",242405,"21_21",1,"TO",631,"LIDE3","Tanoak","TO",,1,5,,,"Y",,,0,0.427600657293989,126
"127",242405,"21_21",1,"TO",631,"LIDE3","Tanoak","TO",,1,5,,,"Y",,,0,0.427600657293989,127
"128",242405,"21_21",1,"TO",631,"LIDE3","Tanoak","TO",,1,5,,,"Y",,,0,0.427600657293989,128
"129",242405,"21_21",1,"TO",631,"LIDE3","Tanoak","TO",,1,5,,,"Y",,,0,0.427600657293989,129
"130",242405,"21_21",1,"TO",631,"LIDE3","Tanoak","TO",,1,5,,,"Y",,,0,0.427600657293989,130
"131",242405,"21_21",1,"TO",631,"LIDE3","Tanoak","TO",,1,5,,,"Y",,,0,0.427600657293989,131
"132",242405,"21_21",15,"DF",202,"PSME","Douglas-fir","DF",42,6.6,42,85,1,"Y",0,0,4.1,0.0684161051670383,132
"133",242405,"21_21",14,"DF",202,"PSME","Douglas-fir","DF",51,5.9,44,85,1,"Y",0,0,3.5,0.0684161051670383,133
"134",242405,"21_21",2,"TO",631,"LIDE3","Tanoak","TO",,2,19,,,"Y",,,0.3,0.427600657293989,134
"135",242405,"21_21",1,"TO",631,"LIDE3","Tanoak","TO",,1,5,,,"Y",,,0,0.427600657293989,135
"136",242405,"21_21",1,"TO",631,"LIDE3","Tanoak","TO",,1,5,,,"Y",,,0,0.427600657293989,136
"137",242405,"21_21",1,"TO",631,"LIDE3","Tanoak","TO",,1,5,,,"Y",,,0,0.427600657293989,137
"138",242405,"21_21",5,"DF",202,"PSME","Douglas-fir","DF",51,6.2,35,85,1,"Y",0,0,3.1,0.0684161051670383,138
"139",242405,"21_21",1,"TO",631,"LIDE3","Tanoak","TO",,1,5,,,"Y",,,0,0.427600657293989,139
"140",242405,"21_21",2,"TO",631,"LIDE3","Tanoak","TO",,2,19,,,"Y",,,0.3,0.427600657293989,140
"141",242405,"21_21",1,"TO",631,"LIDE3","Tanoak","TO",,1,5,,,"Y",,,0,0.427600657293989,141
"142",242405,"21_21",1,"TO",631,"LIDE3","Tanoak","TO",,1,5,,,"Y",,,0,0.427600657293989,142
"143",242405,"21_21",17,"DF",202,"PSME","Douglas-fir","DF",36,5.9,41,85,1,"Y",0,0,3.3,0.0684161051670383,143
"144",242405,"21_21",16,"DF",202,"PSME","Douglas-fir","DF",33,6.4,38,85,1,"Y",0,0,3.6,0.0684161051670383,144
"145",242405,"21_21",3,"RA",351,"ALRU","Red alder","RA",,1,17,,,"Y",,,0,0.427600657293989,145
"146",242405,"21_21",1,"TO",631,"LIDE3","Tanoak","TO",,1,5,,,"Y",,,0,0.427600657293989,146
"147",242405,"21_21",1,"TO",631,"LIDE3","Tanoak","TO",,1,5,,,"Y",,,0,0.427600657293989,147
"148",242405,"21_21",1,"TO",631,"LIDE3","Tanoak","TO",,1,5,,,"Y",,,0,0.427600657293989,148
"149",242405,"21_21",1,"TO",631,"LIDE3","Tanoak","TO",,1,5,,,"Y",,,0,0.427600657293989,149
"150",242405,"21_21",2,"DF",202,"PSME","Douglas-fir","DF",81,5.8,44,80,1,"Y",0,0,3.4,0.0684161051670383,150
"151",242405,"21_21",1,"TO",631,"LIDE3","Tanoak","TO",,1,5,,,"Y",,,0,0.427600657293989,151
"152",242405,"21_21",1,"TO",631,"LIDE3","Tanoak","TO",,1,5,,,"Y",,,0,0.427600657293989,152
"153",242405,"21_21",1,"TO",631,"LIDE3","Tanoak","TO",,1,5,,,"Y",,,0,0.427600657293989,153
"154",242405,"21_21",1,"TO",631,"LIDE3","Tanoak","TO",,1,5,,,"Y",,,0,0.427600657293989,154
"155",242405,"21_21",1,"TO",631,"LIDE3","Tanoak","TO",,1,5,,,"Y",,,0,0.427600657293989,155
"156",242405,"21_21",1,"DF",202,"PSME","Douglas-fir","DF",67,8,44,80,1,"Y",0,0,6.2,0.0684161051670383,156
"157",242405,"21_21",1,"TO",631,"LIDE3","Tanoak","TO",,1,5,,,"Y",,,0,0.427600657293989,157
"158",242405,"21_21",1,"TO",631,"LIDE3","Tanoak","TO",,1,5,,,"Y",,,0,0.427600657293989,158
"159",242405,"21_21",1,"TO",631,"LIDE3","Tanoak","TO",,1,5,,,"Y",,,0,0.427600657293989,159
"160",242405,"21_21",1,"TO",631,"LIDE3","Tanoak","TO",,1,5,,,"Y",,,0,0.427600657293989,160
"161",242405,"21_21",1,"TO",631,"LIDE3","Tanoak","TO",,1,5,,,"Y",,,0,0.427600657293989,161
"162",242405,"21_21",1,"TO",631,"LIDE3","Tanoak","TO",,1,5,,,"Y",,,0,0.427600657293989,162
"163",242405,"21_21",1,"TO",631,"LIDE3","Tanoak","TO",,1,5,,,"Y",,,0,0.427600657293989,163
"164",242405,"21_21",4,"DF",202,"PSME","Douglas-fir","DF",101,5.7,32,85,1,"Y",0,0,2.5,0.0684161051670383,164
"165",242405,"21_21",1,"TO",631,"LIDE3","Tanoak","TO",,1,5,,,"Y",,,0,0.427600657293989,165
"166",242405,"21_21",1,"TO",631,"LIDE3","Tanoak","TO",,1,5,,,"Y",,,0,0.427600657293989,166
"167",242405,"21_21",3,"DF",202,"PSME","Douglas-fir","DF",71,5.5,30,65,1,"Y",0,0,2.2,0.0684161051670383,167
"168",242405,"21_21",1,"TO",631,"LIDE3","Tanoak","TO",,1,5,,,"Y",,,0,0.427600657293989,168
"169",242405,"21_21",1,"TO",631,"LIDE3","Tanoak","TO",,1,5,,,"Y",,,0,0.427600657293989,169
"170",242405,"21_21",1,"TO",631,"LIDE3","Tanoak","TO",,1,5,,,"Y",,,0,0.427600657293989,170
"171",242405,"21_21",1,"TO",631,"LIDE3","Tanoak","TO",,1,5,,,"Y",,,0,0.427600657293989,171
"172",242405,"21_A01",24,"DF",202,"PSME","Douglas-fir","DF",2,12.2,68,40,1,"Y",0,0,21.2,0.0337168589914313,172
"173",242405,"21_A01",22,"DF",202,"PSME","Douglas-fir","DF",8,11.3,82,65,1,"Y",0,0,23.3,0.0337168589914313,173
"174",242405,"21_A01",2,"DF",202,"PSME","Douglas-fir","DF",,5,32,,,"Y",,,1.9,0.210730368696445,174
"175",242405,"21_A01",23,"DF",202,"PSME","Douglas-fir","DF",6,9.7,69,45,1,"Y",0,0,14.4,0.0337168589914313,175
"176",242405,"21_A01",4,"DF",202,"PSME","Douglas-fir","DF",,1,12,,,"Y",,,0.1,0.210730368696445,176
"177",242405,"21_A01",20,"DF",202,"PSME","Douglas-fir","DF",14,9.6,58,65,1,"Y",0,0,11.6,0.0337168589914313,177
"178",242405,"21_A01",13,"DF",202,"PSME","Douglas-fir","DF",13,5.7,40,60,1,"Y",0,0,3,0.0337168589914313,178
"179",242405,"21_A01",1,"DF",202,"PSME","Douglas-fir","DF",1,8.3,70,40,1,"Y",0,0,11.1,0.0337168589914313,179
"180",242405,"21_A01",3,"DF",202,"PSME","Douglas-fir","DF",17,6,37,40,1,"Y",0,0,3.1,0.0337168589914313,180
"181",242405,"21_A01",14,"DF",202,"PSME","Douglas-fir","DF",19,8,40,70,3,"Y",0,0,5.7,0.0337168589914313,181
"182",242405,"21_A01",5,"DF",202,"PSME","Douglas-fir","DF",,3,21,,,"Y",,,0.5,0.210730368696445,182
"183",242405,"21_A01",2,"DF",202,"PSME","Douglas-fir","DF",,5,32,,,"Y",,,1.9,0.210730368696445,183
"184",242405,"21_A01",2,"DF",202,"PSME","Douglas-fir","DF",3,6,43,50,1,"Y",0,0,3.5,0.0337168589914313,184
"185",242405,"21_A01",3,"DF",202,"PSME","Douglas-fir","DF",,2,22,,,"Y",,,0.2,0.210730368696445,185
"186",242405,"21_A01",1,"DF",202,"PSME","Douglas-fir","DF",,4,27,,,"Y",,,1.1,0.210730368696445,186
"187",242405,"21_A01",12,"DF",202,"PSME","Douglas-fir","DF",10,8.3,58,55,1,"Y",0,0,8.9,0.0337168589914313,187
"188",242405,"21_A01",10,"DF",202,"PSME","Douglas-fir","DF",31,9.4,60,50,1,"Y",0,0,11.6,0.0337168589914313,188
"189",242405,"21_A01",16,"DF",202,"PSME","Douglas-fir","DF",39,10.2,52,65,1,"Y",0,0,11.5,0.0337168589914313,189
"190",242405,"21_A01",17,"DF",202,"PSME","Douglas-fir","DF",38,8.7,58,45,1,"Y",0,0,9.7,0.0337168589914313,190
"191",242405,"21_A01",8,"WH",263,"TSHE","Western hemlock","WH",55,10,50,35,1,"Y",0,0,11,0.0337168589914313,191
"192",242405,"21_A01",9,"DF",202,"PSME","Douglas-fir","DF",41,7.2,43,60,3,"Y",0,0,5,0.0337168589914313,192
"193",242405,"21_A01",6,"DF",202,"PSME","Douglas-fir","DF",48,10.5,61,65,1,"Y",0,0,14.4,0.0337168589914313,193
"194",242405,"21_A01",25,"DF",202,"PSME","Douglas-fir","DF",7,13.6,76,40,1,"Y",0,0,29.2,0.0337168589914313,194
"195",242405,"21_A01",1,"DF",202,"PSME","Douglas-fir","DF",,4,27,,,"Y",,,1.1,0.210730368696445,195
"196",242405,"21_A01",19,"DF",202,"PSME","Douglas-fir","DF",17,12.4,77,30,1,"Y",0,0,25.3,0.0337168589914313,196
"197",242405,"21_A01",4,"DF",202,"PSME","Douglas-fir","DF",44,12.1,53,60,1,"Y",0,0,16,0.0337168589914313,197
"198",242405,"21_A01",18,"DF",202,"PSME","Douglas-fir","DF",36,12.3,67,65,1,"Y",0,0,21.1,0.0337168589914313,198
"199",242405,"21_A01",15,"DF",202,"PSME","Douglas-fir","DF",45,10,31,55,1,"Y",0,0,7.2,0.0337168589914313,199
"200",242405,"21_A01",11,"DF",202,"PSME","Douglas-fir","DF",30,7.2,50,40,1,"Y",0,0,5.8,0.0337168589914313,200
"201",242405,"21_A01",21,"DF",202,"PSME","Douglas-fir","DF",14,8.7,55,45,1,"Y",0,0,9.2,0.0337168589914313,201
"202",242405,"21_A01",7,"DF",202,"PSME","Douglas-fir","DF",55,12,72,60,1,"Y",0,0,22,0.0337168589914313,202
"203",242405,"21_A01",5,"DF",202,"PSME","Douglas-fir","DF",53,11.9,68,55,1,"Y",0,0,20.3,0.0337168589914313,203
"204",242405,"22_13",7,"DF",202,"PSME","Douglas-fir","DF",54,7.6,34,85,1,"Y",0,0,4.5,0.0340046509319177,204
"205",242405,"22_13",1,"DF",202,"PSME","Douglas-fir","DF",,1,10,,,"Y",,,0,0.212529068324486,205
"206",242405,"22_13",1,"DF",202,"PSME","Douglas-fir","DF",,1,10,,,"Y",,,0,0.212529068324486,206
"207",242405,"22_13",3,"RA",351,"ALRU","Red alder","RA",,3,19,,,"Y",,,0.5,0.212529068324486,207
"208",242405,"22_13",6,"DF",202,"PSME","Douglas-fir","DF",77,5.9,31,85,1,"Y",0,0,2.6,0.0340046509319177,208
"209",242405,"22_13",1,"DF",202,"PSME","Douglas-fir","DF",,1,10,,,"Y",,,0,0.212529068324486,209
"210",242405,"22_13",4,"DF",202,"PSME","Douglas-fir","DF",21,11.3,55,85,1,"Y",0,0,14.7,0.0340046509319177,210
"211",242405,"22_13",2,"RA",351,"ALRU","Red alder","RA",,2,22,,,"Y",,,0.2,0.212529068324486,211
"212",242405,"22_13",4,"RA",351,"ALRU","Red alder","RA",,4,24,,,"Y",,,1,0.212529068324486,212
"213",242405,"22_13",2,"DF",202,"PSME","Douglas-fir","DF",77,20.7,107,60,1,"Y",0,0,91,0.0340046509319177,213
"214",242405,"22_13",3,"DF",202,"PSME","Douglas-fir","DF",50,16.4,97,55,1,"Y",0,0,54.4,0.0340046509319177,214
"215",242405,"22_13",5,"DF",202,"PSME","Douglas-fir","DF",28,8.7,44,85,1,"Y",0,0,7.3,0.0340046509319177,215
"216",242405,"22_13",2,"RA",351,"ALRU","Red alder","RA",,2,22,,,"Y",,,0.2,0.212529068324486,216
"217",242405,"22_13",1,"DF",202,"PSME","Douglas-fir","DF",,1,10,,,"Y",,,0,0.212529068324486,217
"218",242405,"22_13",1,"DF",202,"PSME","Douglas-fir","DF",1,6.2,37,80,1,"Y",0,0,3.3,0.0340046509319177,218
"219",242405,"22_A04",3,"GC",431,"CACH","Golden chinkapin","OtherBroadLeaved",,1,7,,,"Y",,,0,0.424762826684427,219
"220",242405,"22_A04",2,"PM",361,"ARME","Pacific madrone","OtherBroadLeaved",,1,10,,,"Y",,,0,0.424762826684427,220
"221",242405,"22_A04",3,"GC",431,"CACH","Golden chinkapin","OtherBroadLeaved",,1,7,,,"Y",,,0,0.424762826684427,221
"222",242405,"22_A04",3,"GC",431,"CACH","Golden chinkapin","OtherBroadLeaved",,1,7,,,"Y",,,0,0.424762826684427,222
"223",242405,"22_A04",9,"DF",202,"PSME","Douglas-fir","DF",2,12,56,80,1,"Y",0,0,16.7,0.0679620522695084,223
"224",242405,"22_A04",18,"DF",202,"PSME","Douglas-fir","DF",49,8.3,47,80,1,"Y",0,0,7.1,0.0679620522695084,224
"225",242405,"22_A04",3,"GC",431,"CACH","Golden chinkapin","OtherBroadLeaved",,1,7,,,"Y",,,0,0.424762826684427,225
"226",242405,"22_A04",1,"PM",361,"ARME","Pacific madrone","OtherBroadLeaved",,2,18,,,"Y",,,0.3,0.424762826684427,226
"227",242405,"22_A04",1,"DF",202,"PSME","Douglas-fir","DF",13,5.6,33,80,1,"Y",0,0,2.4,0.0679620522695084,227
"228",242405,"22_A04",2,"PM",361,"ARME","Pacific madrone","OtherBroadLeaved",,1,10,,,"Y",,,0,0.424762826684427,228
"229",242405,"22_A04",6,"DF",202,"PSME","Douglas-fir","DF",64,6.6,31,85,1,"Y",0,0,3.2,0.0679620522695084,229
"230",242405,"22_A04",3,"GC",431,"CACH","Golden chinkapin","OtherBroadLeaved",,1,7,,,"Y",,,0,0.424762826684427,230
"231",242405,"22_A04",3,"GC",431,"CACH","Golden chinkapin","OtherBroadLeaved",,1,7,,,"Y",,,0,0.424762826684427,231
"232",242405,"22_A04",3,"GC",431,"CACH","Golden chinkapin","OtherBroadLeaved",,1,7,,,"Y",,,0,0.424762826684427,232
"233",242405,"22_A04",4,"DF",202,"PSME","Douglas-fir","DF",38,29,106,50,1,"Y",0,0,155.6,0.0679620522695084,233
"234",242405,"22_A04",1,"PM",361,"ARME","Pacific madrone","OtherBroadLeaved",,2,18,,,"Y",,,0.3,0.424762826684427,234
"235",242405,"22_A04",10,"DF",202,"PSME","Douglas-fir","DF",9,6.4,38,80,1,"Y",0,0,3.6,0.0679620522695084,235
"236",242405,"22_A04",8,"DF",202,"PSME","Douglas-fir","DF",14,9.7,44,80,1,"Y",0,0,8.9,0.0679620522695084,236
"237",242405,"22_A04",17,"DF",202,"PSME","Douglas-fir","DF",61,6,35,75,1,"Y",0,0,2.9,0.0679620522695084,237
"238",242405,"22_A04",3,"GC",431,"CACH","Golden chinkapin","OtherBroadLeaved",,1,7,,,"Y",,,0,0.424762826684427,238
"239",242405,"22_A04",7,"DF",202,"PSME","Douglas-fir","DF",29,13.2,64,85,1,"Y",0,0,22.8,0.0679620522695084,239
"240",242405,"22_A04",1,"PM",361,"ARME","Pacific madrone","OtherBroadLeaved",,2,18,,,"Y",,,0.3,0.424762826684427,240
"241",242405,"22_A04",13,"DF",202,"PSME","Douglas-fir","DF",49,8.2,52,75,1,"Y",0,0,7.7,0.0679620522695084,241
"242",242405,"22_A04",3,"GC",431,"CACH","Golden chinkapin","OtherBroadLeaved",,1,7,,,"Y",,,0,0.424762826684427,242
"243",242405,"22_A04",3,"GC",431,"CACH","Golden chinkapin","OtherBroadLeaved",,1,7,,,"Y",,,0,0.424762826684427,243
"244",242405,"22_A04",12,"DF",202,"PSME","Douglas-fir","DF",39,13.5,68,85,1,"Y",0,0,25.3,0.0679620522695084,244
"245",242405,"22_A04",11,"DF",202,"PSME","Douglas-fir","DF",29,9.8,51,75,1,"Y",0,0,10.5,0.0679620522695084,245
"246",242405,"22_A04",3,"GC",431,"CACH","Golden chinkapin","OtherBroadLeaved",,1,7,,,"Y",,,0,0.424762826684427,246
"247",242405,"22_A04",14,"DF",202,"PSME","Douglas-fir","DF",63,9,48,80,1,"Y",0,0,8.4,0.0679620522695084,247
"248",242405,"22_A04",5,"DF",202,"PSME","Douglas-fir","DF",57,9.7,46,85,1,"Y",0,0,9.3,0.0679620522695084,248
"249",242405,"22_A04",16,"DF",202,"PSME","Douglas-fir","DF",72,6.4,36,75,1,"Y",0,0,3.4,0.0679620522695084,249
"250",242405,"22_A04",3,"GC",431,"CACH","Golden chinkapin","OtherBroadLeaved",,1,7,,,"Y",,,0,0.424762826684427,250
"251",242405,"22_A04",3,"GC",431,"CACH","Golden chinkapin","OtherBroadLeaved",,1,7,,,"Y",,,0,0.424762826684427,251
"252",242405,"22_A04",1,"PM",361,"ARME","Pacific madrone","OtherBroadLeaved",,2,18,,,"Y",,,0.3,0.424762826684427,252
"253",242405,"22_A04",3,"DF",202,"PSME","Douglas-fir","DF",18,10.1,46,80,1,"Y",0,0,10,0.0679620522695084,253
"254",242405,"22_A04",3,"GC",431,"CACH","Golden chinkapin","OtherBroadLeaved",,1,7,,,"Y",,,0,0.424762826684427,254
"255",242405,"22_A04",15,"DF",202,"PSME","Douglas-fir","DF",65,9.5,49,85,1,"Y",0,0,9.5,0.0679620522695084,255
"256",242405,"22_A04",3,"GC",431,"CACH","Golden chinkapin","OtherBroadLeaved",,1,7,,,"Y",,,0,0.424762826684427,256
"257",242405,"22_A04",2,"DF",202,"PSME","Douglas-fir","DF",5,6.8,38,85,1,"Y",0,0,4,0.0679620522695084,257
"258",242405,"23_11",4,"DF",202,"PSME","Douglas-fir","DF",34,11.4,58,70,1,"Y",0,0,15.7,0.0679038176641407,258
"259",242405,"23_11",9,"DF",202,"PSME","Douglas-fir","DF",16,7.2,47,75,1,"Y",0,0,5.5,0.0679038176641407,259
"260",242405,"23_11",5,"BM",312,"ACMA","Bigleaf maple","BM",,1,19,,,"Y",,,0.1,0.424398860400879,260
"261",242405,"23_11",13,"DF",202,"PSME","Douglas-fir","DF",28,7.6,55,75,1,"Y",0,0,7.2,0.0679038176641407,261
"262",242405,"23_11",2,"BM",312,"ACMA","Bigleaf maple","BM",,3,26,,,"Y",,,0.8,0.424398860400879,262
"263",242405,"23_11",3,"DF",202,"PSME","Douglas-fir","DF",21,7.5,35,80,1,"Y",0,0,4.5,0.0679038176641407,263
"264",242405,"23_11",3,"TO",631,"LIDE3","Tanoak","TO",,1,13,,,"Y",,,0.1,0.424398860400879,264
"265",242405,"23_11",4,"BM",312,"ACMA","Bigleaf maple","BM",,2,25,,,"Y",,,0.3,0.424398860400879,265
"266",242405,"23_11",14,"DF",202,"PSME","Douglas-fir","DF",12,6.9,43,80,1,"Y",0,0,4.6,0.0679038176641407,266
"267",242405,"23_11",3,"TO",631,"LIDE3","Tanoak","TO",,1,13,,,"Y",,,0.1,0.424398860400879,267
"268",242405,"23_11",7,"DF",202,"PSME","Douglas-fir","DF",22,6.3,47,75,1,"Y",0,0,4.2,0.0679038176641407,268
"269",242405,"23_11",6,"DF",202,"PSME","Douglas-fir","DF",18,8.3,49,0,1,"N",1,0,7.4,0.0679038176641407,269
"270",242405,"23_11",4,"BM",312,"ACMA","Bigleaf maple","BM",,2,25,,,"Y",,,0.3,0.424398860400879,270
"271",242405,"23_11",5,"BM",312,"ACMA","Bigleaf maple","BM",,1,19,,,"Y",,,0.1,0.424398860400879,271
"272",242405,"23_11",5,"DF",202,"PSME","Douglas-fir","DF",34,6.9,32,0,1,"N",1,0,3.6,0.0679038176641407,272
"273",242405,"23_11",1,"DF",202,"PSME","Douglas-fir","DF",1,7.2,39,75,1,"Y",0,0,4.6,0.0679038176641407,273
"274",242405,"23_11",6,"BM",312,"ACMA","Bigleaf maple","BM",,4,32,,,"Y",,,1.6,0.424398860400879,274
"275",242405,"23_11",2,"BM",312,"ACMA","Bigleaf maple","BM",,3,26,,,"Y",,,0.8,0.424398860400879,275
"276",242405,"23_11",2,"BM",312,"ACMA","Bigleaf maple","BM",,3,26,,,"Y",,,0.8,0.424398860400879,276
"277",242405,"23_11",12,"DF",202,"PSME","Douglas-fir","DF",24,9.4,46,0,1,"N",1,0,8.8,0.0679038176641407,277
"278",242405,"23_11",5,"BM",312,"ACMA","Bigleaf maple","BM",,1,19,,,"Y",,,0.1,0.424398860400879,278
"279",242405,"23_11",2,"BM",312,"ACMA","Bigleaf maple","BM",,3,26,,,"Y",,,0.8,0.424398860400879,279
"280",242405,"23_11",4,"BM",312,"ACMA","Bigleaf maple","BM",,2,25,,,"Y",,,0.3,0.424398860400879,280
"281",242405,"23_11",1,"DF",202,"PSME","Douglas-fir","DF",,5,33,,,"Y",,,1.9,0.424398860400879,281
"282",242405,"23_11",3,"TO",631,"LIDE3","Tanoak","TO",,1,13,,,"Y",,,0.1,0.424398860400879,282
"283",242405,"23_11",8,"DF",202,"PSME","Douglas-fir","DF",10,6.2,43,50,1,"Y",0,0,3.8,0.0679038176641407,283
"284",242405,"23_11",4,"BM",312,"ACMA","Bigleaf maple","BM",,2,25,,,"Y",,,0.3,0.424398860400879,284
"285",242405,"23_11",11,"DF",202,"PSME","Douglas-fir","DF",45,7.6,49,50,1,"Y",0,0,6.3,0.0679038176641407,285
"286",242405,"23_11",2,"DF",202,"PSME","Douglas-fir","DF",5,7.3,37,0,1,"N",1,0,4.5,0.0679038176641407,286
"287",242405,"23_11",5,"BM",312,"ACMA","Bigleaf maple","BM",,1,19,,,"Y",,,0.1,0.424398860400879,287
"288",242405,"23_11",4,"BM",312,"ACMA","Bigleaf maple","BM",,2,25,,,"Y",,,0.3,0.424398860400879,288
"289",242405,"23_11",10,"TO",631,"LIDE3","Tanoak","TO",28,13.7,52,65,1,"Y",0,0,29,0.0679038176641407,289
"290",242405,"23_18",5,"DF",202,"PSME","Douglas-fir","DF",15,9.6,52,80,1,"Y",0,0,10.3,0.0339627215584893,290
"291",242405,"23_18",2,"DF",202,"PSME","Douglas-fir","DF",17,11.8,50,85,1,"Y",0,0,14.5,0.0339627215584893,291
"292",242405,"23_18",1,"BM",312,"ACMA","Bigleaf maple","BM",74,6,35,65,1,"Y",0,0,4.2,0.0339627215584893,292
"293",242405,"23_18",3,"DF",202,"PSME","Douglas-fir","DF",34,14.2,61,80,1,"Y",0,0,24.6,0.0339627215584893,293
"294",242405,"23_18",4,"DF",202,"PSME","Douglas-fir","DF",48,51,240,45,1,"Y",0,0,972.2,0.0339627215584893,294
"295",242405,"31_15",31,"DF",202,"PSME","Douglas-fir","DF",59,6.8,61,45,1,"Y",0,0,6.5,0.440936017683212,295
"296",242405,"31_15",2,"BC",747,"POTR2","Black cottonwood","OtherBroadLeaved",,4,40,,,"Y",,,2.4,2.75585011052008,296
"297",242405,"31_15",1,"BC",747,"POTR2","Black cottonwood","OtherBroadLeaved",,5,50,,,"Y",,,4.2,2.75585011052008,297
"298",242405,"31_15",20,"DF",202,"PSME","Douglas-fir","DF",65,9.8,70,45,1,"Y",0,0,15,0.440936017683212,298
"299",242405,"31_15",26,"DF",202,"PSME","Douglas-fir","DF",17,17.4,87,65,1,"Y",0,0,52.5,0.440936017683212,299
"300",242405,"31_15",19,"DF",202,"PSME","Douglas-fir","DF",68,6.5,50,45,1,"Y",0,0,4.8,0.440936017683212,300
"301",242405,"31_15",8,"DF",202,"PSME","Douglas-fir","DF",60,17.1,92,75,1,"Y",0,0,54.7,0.440936017683212,301
"302",242405,"31_15",17,"DF",202,"PSME","Douglas-fir","DF",79,7.1,45,35,1,"Y",0,0,5.1,0.440936017683212,302
"303",242405,"31_15",3,"BC",747,"POTR2","Black cottonwood","OtherBroadLeaved",,3,40,,,"Y",,,1,2.75585011052008,303
"304",242405,"31_15",28,"DF",202,"PSME","Douglas-fir","DF",1,13.4,67,45,1,"Y",0,0,24.6,0.440936017683212,304
"305",242405,"31_15",3,"DF",202,"PSME","Douglas-fir","DF",37,6,56,45,1,"Y",0,0,4.7,0.440936017683212,305
"306",242405,"31_15",2,"BC",747,"POTR2","Black cottonwood","OtherBroadLeaved",,4,40,,,"Y",,,2.4,2.75585011052008,306
"307",242405,"31_15",32,"DF",202,"PSME","Douglas-fir","DF",55,11.7,71,55,1,"Y",0,0,20.7,0.440936017683212,307
"308",242405,"31_15",25,"BC",747,"POTR2","Black cottonwood","OtherBroadLeaved",49,6.8,25,0,1,"N",3,0,3.2,0.440936017683212,308
"309",242405,"31_15",5,"DF",202,"PSME","Douglas-fir","DF",41,14.5,90,60,1,"Y",0,0,40.2,0.440936017683212,309
"310",242405,"31_15",12,"DF",202,"PSME","Douglas-fir","DF",64,9,82,45,1,"Y",0,0,15.5,0.440936017683212,310
"311",242405,"31_15",36,"DF",202,"PSME","Douglas-fir","DF",54,15,68,75,1,"Y",0,0,30.5,0.440936017683212,311
"312",242405,"31_15",21,"DF",202,"PSME","Douglas-fir","DF",72,12,76,45,1,"Y",0,0,23.5,0.440936017683212,312
"313",242405,"31_15",35,"DF",202,"PSME","Douglas-fir","DF",83,8.7,71,60,1,"Y",0,0,12.3,0.440936017683212,313
"314",242405,"31_15",34,"DF",202,"PSME","Douglas-fir","DF",47,12,70,45,1,"Y",0,0,21.3,0.440936017683212,314
"315",242405,"31_15",7,"DF",202,"PSME","Douglas-fir","DF",54,10.5,72,55,1,"Y",0,0,17.5,0.440936017683212,315
"316",242405,"31_15",4,"BC",747,"POTR2","Black cottonwood","OtherBroadLeaved",,2,25,,,"Y",,,0.3,2.75585011052008,316
"317",242405,"31_15",15,"DF",202,"PSME","Douglas-fir","DF",65,6.2,42,35,1,"Y",0,0,3.7,0.440936017683212,317
"318",242405,"31_15",13,"DF",202,"PSME","Douglas-fir","DF",67,8.3,70,50,1,"Y",0,0,11.1,0.440936017683212,318
"319",242405,"31_15",9,"DF",202,"PSME","Douglas-fir","DF",58,7.1,56,50,1,"Y",0,0,6.4,0.440936017683212,319
"320",242405,"31_15",23,"DF",202,"PSME","Douglas-fir","DF",56,9.1,61,55,1,"Y",0,0,11.2,0.440936017683212,320
"321",242405,"31_15",27,"DF",202,"PSME","Douglas-fir","DF",9,8.7,63,50,1,"Y",0,0,10.7,0.440936017683212,321
"322",242405,"31_15",4,"BC",747,"POTR2","Black cottonwood","OtherBroadLeaved",,2,25,,,"Y",,,0.3,2.75585011052008,322
"323",242405,"31_15",33,"DF",202,"PSME","Douglas-fir","DF",81,7.2,62,50,1,"Y",0,0,7.4,0.440936017683212,323
"324",242405,"31_15",29,"DF",202,"PSME","Douglas-fir","DF",37,5.8,58,45,1,"Y",0,0,4.6,0.440936017683212,324
"325",242405,"31_15",3,"BC",747,"POTR2","Black cottonwood","OtherBroadLeaved",,3,40,,,"Y",,,1,2.75585011052008,325
"326",242405,"31_15",16,"DF",202,"PSME","Douglas-fir","DF",72,12.2,82,50,1,"Y",0,0,26.6,0.440936017683212,326
"327",242405,"31_15",14,"DF",202,"PSME","Douglas-fir","DF",74,11.1,71,50,1,"Y",0,0,18.9,0.440936017683212,327
"328",242405,"31_15",37,"DF",202,"PSME","Douglas-fir","DF",45,13.3,68,65,1,"Y",0,0,24.7,0.440936017683212,328
"329",242405,"31_15",4,"DF",202,"PSME","Douglas-fir","DF",39,6.4,60,45,1,"Y",0,0,5.7,0.440936017683212,329
"330",242405,"31_15",18,"DF",202,"PSME","Douglas-fir","DF",73,7.8,51,55,1,"Y",0,0,6.9,0.440936017683212,330
"331",242405,"31_15",24,"BC",747,"POTR2","Black cottonwood","OtherBroadLeaved",54,9.1,37,40,1,"Y",0,0,12.3,0.440936017683212,331
"332",242405,"31_15",30,"DF",202,"PSME","Douglas-fir","DF",46,8,60,40,1,"Y",0,0,8.7,0.440936017683212,332
"333",242405,"31_15",10,"DF",202,"PSME","Douglas-fir","DF",57,5.8,50,45,1,"Y",0,0,3.9,0.440936017683212,333
"334",242405,"31_15",3,"BC",747,"POTR2","Black cottonwood","OtherBroadLeaved",,3,40,,,"Y",,,1,2.75585011052008,334
"335",242405,"31_15",2,"DF",202,"PSME","Douglas-fir","DF",38,8.1,65,50,1,"Y",0,0,9.7,0.440936017683212,335
"336",242405,"31_15",11,"DF",202,"PSME","Douglas-fir","DF",71,5.9,55,45,1,"Y",0,0,4.5,0.440936017683212,336
"337",242405,"31_15",22,"DF",202,"PSME","Douglas-fir","DF",60,14,73,55,1,"Y",0,0,29.3,0.440936017683212,337
"338",242405,"31_15",1,"DF",202,"PSME","Douglas-fir","DF",32,13.9,71,60,1,"Y",0,0,28,0.440936017683212,338
"339",242405,"31_15",6,"DF",202,"PSME","Douglas-fir","DF",54,5.9,56,45,1,"Y",0,0,4.6,0.440936017683212,339
"340",242405,"31_15",4,"BC",747,"POTR2","Black cottonwood","OtherBroadLeaved",,2,25,,,"Y",,,0.3,2.75585011052008,340
"341",242405,"31_16",20,"DF",202,"PSME","Douglas-fir","DF",69,8.8,57,85,1,"Y",0,0,9.7,0.100343973849066,341
"342",242405,"31_16",6,"DF",202,"PSME","Douglas-fir","DF",68,10.4,68,40,3,"Y",0,0,16,0.100343973849066,342
"343",242405,"31_16",5,"OM",981,"UMCA","Oregon myrtle","OM",,1,12,,,"Y",,,0,0.62714983655666,343
"344",242405,"31_16",5,"OM",981,"UMCA","Oregon myrtle","OM",,1,12,,,"Y",,,0,0.62714983655666,344
"345",242405,"31_16",2,"OM",981,"UMCA","Oregon myrtle","OM",,4,34,,,"Y",,,2.4,0.62714983655666,345
"346",242405,"31_16",18,"DF",202,"PSME","Douglas-fir","DF",106,11.3,81,70,1,"Y",0,0,23,0.100343973849066,346
"347",242405,"31_16",3,"OM",981,"UMCA","Oregon myrtle","OM",,3,24,,,"Y",,,0.6,0.62714983655666,347
"348",242405,"31_16",14,"RA",351,"ALRU","Red alder","RA",31,6.5,47,75,1,"Y",0,0,6.9,0.100343973849066,348
"349",242405,"31_16",22,"DF",202,"PSME","Douglas-fir","DF",69,15.8,95,70,1,"Y",0,0,49.8,0.100343973849066,349
"350",242405,"31_16",3,"DF",202,"PSME","Douglas-fir","DF",77,10.9,71,40,1,"Y",0,0,18.3,0.100343973849066,350
"351",242405,"31_16",16,"WH",263,"TSHE","Western hemlock","WH",97,7.4,59,45,1,"Y",0,0,7.9,0.100343973849066,351
"352",242405,"31_16",17,"DF",202,"PSME","Douglas-fir","DF",95,9.9,79,75,1,"Y",0,0,17.7,0.100343973849066,352
"353",242405,"31_16",12,"DF",202,"PSME","Douglas-fir","DF",16,7.2,44,40,1,"Y",0,0,5.1,0.100343973849066,353
"354",242405,"31_16",15,"DF",202,"PSME","Douglas-fir","DF",91,11.8,72,75,1,"Y",0,0,21.4,0.100343973849066,354
"355",242405,"31_16",5,"OM",981,"UMCA","Oregon myrtle","OM",,1,12,,,"Y",,,0,0.62714983655666,355
"356",242405,"31_16",29,"RA",351,"ALRU","Red alder","RA",14,11.5,65,50,1,"Y",0,0,25,0.100343973849066,356
"357",242405,"31_16",4,"DF",202,"PSME","Douglas-fir","DF",89,7.2,63,30,1,"Y",0,0,7.5,0.100343973849066,357
"358",242405,"31_16",5,"DF",202,"PSME","Douglas-fir","DF",88,14.8,83,60,1,"Y",0,0,37.7,0.100343973849066,358
"359",242405,"31_16",5,"OM",981,"UMCA","Oregon myrtle","OM",,1,12,,,"Y",,,0,0.62714983655666,359
"360",242405,"31_16",24,"DF",202,"PSME","Douglas-fir","DF",41,13.4,57,30,2,"Y",0,0,20.7,0.100343973849066,360
"361",242405,"31_16",1,"DF",202,"PSME","Douglas-fir","DF",,3,27,,,"Y",,,0.6,0.62714983655666,361
"362",242405,"31_16",11,"DF",202,"PSME","Douglas-fir","DF",6,7,49,75,1,"Y",0,0,5.4,0.100343973849066,362
"363",242405,"31_16",3,"OM",981,"UMCA","Oregon myrtle","OM",,3,24,,,"Y",,,0.6,0.62714983655666,363
"364",242405,"31_16",28,"RA",351,"ALRU","Red alder","RA",13,13.2,80,60,1,"Y",0,0,36.9,0.100343973849066,364
"365",242405,"31_16",13,"RA",351,"ALRU","Red alder","RA",28,8.1,46,75,1,"Y",0,0,10.5,0.100343973849066,365
"366",242405,"31_16",10,"DF",202,"PSME","Douglas-fir","DF",56,5.7,50,30,1,"Y",0,0,3.8,0.100343973849066,366
"367",242405,"31_16",30,"RA",351,"ALRU","Red alder","RA",14,7.1,57,35,1,"Y",0,0,9,0.100343973849066,367
"368",242405,"31_16",4,"OM",981,"UMCA","Oregon myrtle","OM",,2,18,,,"Y",,,0.2,0.62714983655666,368
"369",242405,"31_16",2,"DF",202,"PSME","Douglas-fir","DF",61,11.6,72,75,1,"Y",0,0,20.8,0.100343973849066,369
"370",242405,"31_16",27,"DF",202,"PSME","Douglas-fir","DF",7,11.7,83,65,1,"Y",0,0,25.2,0.100343973849066,370
"371",242405,"31_16",26,"DF",202,"PSME","Douglas-fir","DF",20,15.7,39,30,2,"Y",0,0,20,0.100343973849066,371
"372",242405,"31_16",7,"DF",202,"PSME","Douglas-fir","DF",53,17.5,90,65,1,"Y",0,0,55.3,0.100343973849066,372
"373",242405,"31_16",9,"DF",202,"PSME","Douglas-fir","DF",64,11.3,66,70,1,"Y",0,0,17.9,0.100343973849066,373
"374",242405,"31_16",8,"DF",202,"PSME","Douglas-fir","DF",62,9.5,67,60,1,"Y",0,0,13.4,0.100343973849066,374
"375",242405,"31_16",3,"OM",981,"UMCA","Oregon myrtle","OM",,3,24,,,"Y",,,0.6,0.62714983655666,375
"376",242405,"31_16",1,"DF",202,"PSME","Douglas-fir","DF",54,10.6,60,40,2,"Y",0,0,14.3,0.100343973849066,376
"377",242405,"31_16",23,"DF",202,"PSME","Douglas-fir","DF",42,11.9,74,50,1,"Y",0,0,22.4,0.100343973849066,377
"378",242405,"31_16",2,"OM",981,"UMCA","Oregon myrtle","OM",,4,34,,,"Y",,,2.4,0.62714983655666,378
"379",242405,"31_16",19,"DF",202,"PSME","Douglas-fir","DF",104,5.5,45,25,1,"Y",0,0,3.1,0.100343973849066,379
"380",242405,"31_16",21,"RA",351,"ALRU","Red alder","RA",75,10,60,60,1,"Y",0,0,18.1,0.100343973849066,380
"381",242405,"31_16",25,"DF",202,"PSME","Douglas-fir","DF",29,8.5,48,35,1,"Y",0,0,7.6,0.100343973849066,381
"382",242405,"31_16",4,"OM",981,"UMCA","Oregon myrtle","OM",,2,18,,,"Y",,,0.2,0.62714983655666,382
"383",242405,"31_18",6,"RA",351,"ALRU","Red alder","RA",32,6.1,45,60,1,"Y",0,0,5.9,0.203025737125599,383
"384",242405,"31_18",8,"DF",202,"PSME","Douglas-fir","DF",38,13,68,75,1,"Y",0,0,23.7,0.203025737125599,384
"385",242405,"31_18",3,"RA",351,"ALRU","Red alder","RA",,1,10,,,"Y",,,0,1.26891085703499,385
"386",242405,"31_18",11,"BM",312,"ACMA","Bigleaf maple","BM",27,22,70,70,1,"Y",0,0,113.8,0.203025737125599,386
"387",242405,"31_18",7,"RA",351,"ALRU","Red alder","RA",45,9,50,50,1,"Y",0,0,13.5,0.203025737125599,387
"388",242405,"31_18",3,"RA",351,"ALRU","Red alder","RA",,1,10,,,"Y",,,0,1.26891085703499,388
"389",242405,"31_18",1,"RA",351,"ALRU","Red alder","RA",,2,20,,,"Y",,,0.2,1.26891085703499,389
"390",242405,"31_18",17,"DF",202,"PSME","Douglas-fir","DF",52,7.5,51,65,1,"Y",0,0,6.4,0.203025737125599,390
"391",242405,"31_18",12,"BM",312,"ACMA","Bigleaf maple","BM",30,24,60,40,1,"Y",0,0,126.4,0.203025737125599,391
"392",242405,"31_18",2,"BM",312,"ACMA","Bigleaf maple","BM",22,9.6,35,0,2,"N",3,0,12.1,0.203025737125599,392
"393",242405,"31_18",18,"RA",351,"ALRU","Red alder","RA",45,9,61,55,1,"Y",0,0,14.8,0.203025737125599,393
"394",242405,"31_18",1,"DF",202,"PSME","Douglas-fir","DF",41,13.6,72,75,1,"Y",0,0,27.4,0.203025737125599,394
"395",242405,"31_18",13,"DF",202,"PSME","Douglas-fir","DF",45,7.4,40,55,1,"Y",0,0,4.9,0.203025737125599,395
"396",242405,"31_18",2,"RA",351,"ALRU","Red alder","RA",,4,45,,,"Y",,,2.5,1.26891085703499,396
"397",242405,"31_18",9,"DF",202,"PSME","Douglas-fir","DF",2,10.2,64,85,1,"Y",0,0,14.4,0.203025737125599,397
"398",242405,"31_18",5,"DF",202,"PSME","Douglas-fir","DF",4,9.4,60,45,1,"Y",0,0,11.6,0.203025737125599,398
"399",242405,"31_18",15,"DF",202,"PSME","Douglas-fir","DF",70,12,77,75,1,"Y",0,0,23.9,0.203025737125599,399
"400",242405,"31_18",3,"BM",312,"ACMA","Bigleaf maple","BM",12,10,44,50,1,"Y",0,0,15.1,0.203025737125599,400
"401",242405,"31_18",16,"RA",351,"ALRU","Red alder","RA",50,8.1,55,50,1,"Y",0,0,11.4,0.203025737125599,401
"402",242405,"31_18",10,"DF",202,"PSME","Douglas-fir","DF",4,10.8,79,70,1,"Y",0,0,20.6,0.203025737125599,402
"403",242405,"31_18",19,"RA",351,"ALRU","Red alder","RA",16,8.3,52,60,1,"Y",0,0,11.7,0.203025737125599,403
"404",242405,"31_18",4,"DF",202,"PSME","Douglas-fir","DF",9,7.1,53,40,1,"Y",0,0,6.1,0.203025737125599,404
"405",242405,"31_18",20,"DF",202,"PSME","Douglas-fir","DF",54,7.9,47,80,1,"Y",0,0,6.5,0.203025737125599,405
"406",242405,"31_18",14,"DF",202,"PSME","Douglas-fir","DF",65,12.8,72,85,1,"Y",0,0,24.7,0.203025737125599,406
"407",242405,"31_27",25,"DF",202,"PSME","Douglas-fir","DF",49,11.5,63,70,1,"Y",0,0,17.5,0.135695783388901,407
"408",242405,"31_27",20,"DF",202,"PSME","Douglas-fir","DF",73,6.8,58,50,1,"Y",0,0,6.2,0.135695783388901,408
"409",242405,"31_27",17,"DF",202,"PSME","Douglas-fir","DF",74,12.7,78,65,1,"Y",0,0,26.8,0.135695783388901,409
"410",242405,"31_27",21,"DF",202,"PSME","Douglas-fir","DF",56,12.6,75,65,1,"Y",0,0,25.2,0.135695783388901,410
"411",242405,"31_27",22,"DF",202,"PSME","Douglas-fir","DF",60,10.8,65,70,1,"Y",0,0,16.2,0.135695783388901,411
"412",242405,"31_27",5,"CH",760,"PRUNU","Cherry","OtherBroadLeaved",,4,32,,,"Y",,,1.4,0.84809864618063,412
"413",242405,"31_27",4,"BM",312,"ACMA","Bigleaf maple","BM",,1,13,,,"Y",,,0,0.84809864618063,413
"414",242405,"31_27",5,"DF",202,"PSME","Douglas-fir","DF",69,12.5,71,65,1,"Y",0,0,23.3,0.135695783388901,414
"415",242405,"31_27",4,"BM",312,"ACMA","Bigleaf maple","BM",,1,13,,,"Y",,,0,0.84809864618063,415
"416",242405,"31_27",15,"DF",202,"PSME","Douglas-fir","DF",57,13.9,73,70,3,"Y",0,0,28.9,0.135695783388901,416
"417",242405,"31_27",3,"BM",312,"ACMA","Bigleaf maple","BM",,2,30,,,"Y",,,0.3,0.84809864618063,417
"418",242405,"31_27",18,"DF",202,"PSME","Douglas-fir","DF",75,7.4,49,65,1,"Y",0,0,6,0.135695783388901,418
"419",242405,"31_27",29,"DF",202,"PSME","Douglas-fir","DF",26,13.4,67,70,1,"Y",0,0,24.6,0.135695783388901,419
"420",242405,"31_27",3,"BM",312,"ACMA","Bigleaf maple","BM",,2,30,,,"Y",,,0.3,0.84809864618063,420
"421",242405,"31_27",4,"DF",202,"PSME","Douglas-fir","DF",66,11.1,69,65,1,"Y",0,0,18.3,0.135695783388901,421
"422",242405,"31_27",14,"RA",351,"ALRU","Red alder","RA",40,6.7,53,75,1,"Y",0,0,7.7,0.135695783388901,422
"423",242405,"31_27",24,"DF",202,"PSME","Douglas-fir","DF",47,6.1,55,60,1,"Y",0,0,4.8,0.135695783388901,423
"424",242405,"31_27",6,"CH",760,"PRUNU","Cherry","OtherBroadLeaved",,2,20,,,"Y",,,0.2,0.84809864618063,424
"425",242405,"31_27",3,"BM",312,"ACMA","Bigleaf maple","BM",,2,30,,,"Y",,,0.3,0.84809864618063,425
"426",242405,"31_27",9,"DF",202,"PSME","Douglas-fir","DF",66,8,56,55,1,"Y",0,0,8,0.135695783388901,426
"427",242405,"31_27",3,"DF",202,"PSME","Douglas-fir","DF",74,10.1,67,60,1,"Y",0,0,15,0.135695783388901,427
"428",242405,"31_27",11,"DF",202,"PSME","Douglas-fir","DF",55,14.2,78,75,1,"Y",0,0,32.5,0.135695783388901,428
"429",242405,"31_27",3,"BM",312,"ACMA","Bigleaf maple","BM",,2,30,,,"Y",,,0.3,0.84809864618063,429
"430",242405,"31_27",16,"RA",351,"ALRU","Red alder","RA",62,11.2,67,60,1,"Y",0,0,24.1,0.135695783388901,430
"431",242405,"31_27",2,"BM",312,"ACMA","Bigleaf maple","BM",,3,38,,,"Y",,,1,0.84809864618063,431
"432",242405,"31_27",2,"DF",202,"PSME","Douglas-fir","DF",64,9.3,70,60,1,"Y",0,0,13.6,0.135695783388901,432
"433",242405,"31_27",28,"DF",202,"PSME","Douglas-fir","DF",2,11.5,66,70,1,"Y",0,0,18.4,0.135695783388901,433
"434",242405,"31_27",4,"BM",312,"ACMA","Bigleaf maple","BM",,1,13,,,"Y",,,0,0.84809864618063,434
"435",242405,"31_27",4,"BM",312,"ACMA","Bigleaf maple","BM",,1,13,,,"Y",,,0,0.84809864618063,435
"436",242405,"31_27",3,"BM",312,"ACMA","Bigleaf maple","BM",,2,30,,,"Y",,,0.3,0.84809864618063,436
"437",242405,"31_27",4,"BM",312,"ACMA","Bigleaf maple","BM",,1,13,,,"Y",,,0,0.84809864618063,437
"438",242405,"31_27",10,"RA",351,"ALRU","Red alder","RA",66,9.1,47,75,1,"Y",0,0,13.4,0.135695783388901,438
"439",242405,"31_27",23,"DF",202,"PSME","Douglas-fir","DF",57,6.6,47,75,1,"Y",0,0,4.6,0.135695783388901,439
"440",242405,"31_27",19,"DF",202,"PSME","Douglas-fir","DF",70,9.6,55,75,1,"Y",0,0,10.9,0.135695783388901,440
"441",242405,"31_27",7,"DF",202,"PSME","Douglas-fir","DF",67,13.3,72,65,1,"Y",0,0,26.4,0.135695783388901,441
"442",242405,"31_27",1,"DF",202,"PSME","Douglas-fir","DF",43,9.6,60,50,3,"Y",0,0,12,0.135695783388901,442
"443",242405,"31_27",12,"DF",202,"PSME","Douglas-fir","DF",24,10.6,60,75,1,"Y",0,0,14.3,0.135695783388901,443
"444",242405,"31_27",2,"BM",312,"ACMA","Bigleaf maple","BM",,3,38,,,"Y",,,1,0.84809864618063,444
"445",242405,"31_27",1,"BM",312,"ACMA","Bigleaf maple","BM",,5,48,,,"Y",,,3.4,0.84809864618063,445
"446",242405,"31_27",27,"DF",202,"PSME","Douglas-fir","DF",10,11.1,67,70,1,"Y",0,0,17.6,0.135695783388901,446
"447",242405,"31_27",2,"BM",312,"ACMA","Bigleaf maple","BM",,3,38,,,"Y",,,1,0.84809864618063,447
"448",242405,"31_27",8,"DF",202,"PSME","Douglas-fir","DF",70,13.4,79,70,1,"Y",0,0,29.9,0.135695783388901,448
"449",242405,"31_27",3,"BM",312,"ACMA","Bigleaf maple","BM",,2,30,,,"Y",,,0.3,0.84809864618063,449
"450",242405,"31_27",6,"DF",202,"PSME","Douglas-fir","DF",71,13.4,75,65,1,"Y",0,0,28,0.135695783388901,450
"451",242405,"31_27",26,"DF",202,"PSME","Douglas-fir","DF",26,11.5,72,65,1,"Y",0,0,20.5,0.135695783388901,451
"452",242405,"31_27",1,"BM",312,"ACMA","Bigleaf maple","BM",,5,48,,,"Y",,,3.4,0.84809864618063,452
"453",242405,"31_27",13,"DF",202,"PSME","Douglas-fir","DF",24,12.4,68,80,1,"Y",0,0,21.8,0.135695783388901,453
"454",242405,"32_08",3,"BM",312,"ACMA","Bigleaf maple","BM",40,9.4,41,30,3,"Y",0,0,12.6,0.0339168504369573,454
"455",242405,"32_08",2,"BM",312,"ACMA","Bigleaf maple","BM",43,6.4,59,30,1,"Y",0,0,6.6,0.0339168504369573,455
"456",242405,"32_08",6,"BM",312,"ACMA","Bigleaf maple","BM",36,11.4,61,30,1,"Y",0,0,24.4,0.0339168504369573,456
"457",242405,"32_08",7,"BM",312,"ACMA","Bigleaf maple","BM",36,11,52,30,3,"Y",0,0,20.5,0.0339168504369573,457
"458",242405,"32_08",10,"DF",202,"PSME","Douglas-fir","DF",27,15.5,81,60,1,"Y",0,0,39.6,0.0339168504369573,458
"459",242405,"32_08",1,"BM",312,"ACMA","Bigleaf maple","BM",69,7.9,18,70,1,"Y",0,0,5.3,0.0339168504369573,459
"460",242405,"32_08",8,"BM",312,"ACMA","Bigleaf maple","BM",37,12.9,63,40,1,"Y",0,0,32.7,0.0339168504369573,460
"461",242405,"32_08",5,"BM",312,"ACMA","Bigleaf maple","BM",36,8.1,62,30,1,"Y",0,0,11.5,0.0339168504369573,461
"462",242405,"32_08",4,"BM",312,"ACMA","Bigleaf maple","BM",40,11.9,62,30,1,"Y",0,0,27,0.0339168504369573,462
"463",242405,"32_08",9,"BM",312,"ACMA","Bigleaf maple","BM",38,8,65,35,1,"Y",0,0,11.5,0.0339168504369573,463
"464",242405,"32_13",19,"DF",202,"PSME","Douglas-fir","DF",11,12.6,68,70,1,"Y",0,0,22.4,0.0675809349675445,464
"465",242405,"32_13",5,"DF",202,"PSME","Douglas-fir","DF",15,13.3,85,45,1,"Y",0,0,32.3,0.0675809349675445,465
"466",242405,"32_13",36,"DF",202,"PSME","Douglas-fir","DF",15,10,71,30,1,"Y",0,0,15.8,0.0675809349675445,466
"467",242405,"32_13",22,"DF",202,"PSME","Douglas-fir","DF",7,7.3,76,35,1,"Y",0,0,9.7,0.0675809349675445,467
"468",242405,"32_13",21,"DF",202,"PSME","Douglas-fir","DF",7,10.6,69,30,1,"Y",0,0,16.9,0.0675809349675445,468
"469",242405,"32_13",2,"DF",202,"PSME","Douglas-fir","DF",15,10.1,70,40,1,"Y",0,0,15.8,0.0675809349675445,469
"470",242405,"32_13",1,"DF",202,"PSME","Douglas-fir","DF",17,11.8,76,45,1,"Y",0,0,22.9,0.0675809349675445,470
"471",242405,"32_13",2,"DF",202,"PSME","Douglas-fir","DF",,4,19,,,"Y",,,0.9,0.422380843547153,471
"472",242405,"32_13",26,"DF",202,"PSME","Douglas-fir","DF",1,8.5,60,30,1,"Y",0,0,9.7,0.0675809349675445,472
"473",242405,"32_13",30,"DF",202,"PSME","Douglas-fir","DF",11,9.4,79,25,1,"Y",0,0,16.1,0.0675809349675445,473
"474",242405,"32_13",16,"DF",202,"PSME","Douglas-fir","DF",14,13.2,80,75,1,"Y",0,0,29.6,0.0675809349675445,474
"475",242405,"32_13",24,"OM",981,"UMCA","Oregon myrtle","OM",1,7.3,42,80,1,"Y",0,0,8.8,0.0675809349675445,475
"476",242405,"32_13",23,"DF",202,"PSME","Douglas-fir","DF",5,9.6,66,15,1,"Y",0,0,13.4,0.0675809349675445,476
"477",242405,"32_13",37,"DF",202,"PSME","Douglas-fir","DF",23,11.7,81,35,1,"Y",0,0,24.4,0.0675809349675445,477
"478",242405,"32_13",8,"DF",202,"PSME","Douglas-fir","DF",6,13.2,90,40,1,"Y",0,0,34.3,0.0675809349675445,478
"479",242405,"32_13",11,"DF",202,"PSME","Douglas-fir","DF",11,14.2,88,75,1,"Y",0,0,37.7,0.0675809349675445,479
"480",242405,"32_13",17,"DF",202,"PSME","Douglas-fir","DF",12,6.2,55,40,1,"Y",0,0,4.9,0.0675809349675445,480
"481",242405,"32_13",3,"DF",202,"PSME","Douglas-fir","DF",12,6.8,61,35,1,"Y",0,0,6.5,0.0675809349675445,481
"482",242405,"32_13",32,"DF",202,"PSME","Douglas-fir","DF",14,7.2,63,20,1,"Y",0,0,7.5,0.0675809349675445,482
"483",242405,"32_13",4,"DF",202,"PSME","Douglas-fir","DF",12,12.8,79,40,1,"Y",0,0,27.6,0.0675809349675445,483
"484",242405,"32_13",1,"DF",202,"PSME","Douglas-fir","DF",,2,17,,,"Y",,,0.2,0.422380843547153,484
"485",242405,"32_13",9,"DF",202,"PSME","Douglas-fir","DF",2,5.8,44,60,1,"Y",0,0,3.4,0.0675809349675445,485
"486",242405,"32_13",12,"DF",202,"PSME","Douglas-fir","DF",3,12,73,70,1,"Y",0,0,22.4,0.0675809349675445,486
"487",242405,"32_13",15,"DF",202,"PSME","Douglas-fir","DF",11,15.2,75,75,1,"Y",0,0,34.9,0.0675809349675445,487
"488",242405,"32_13",35,"OM",981,"UMCA","Oregon myrtle","OM",16,6.6,56,30,1,"Y",0,0,8.3,0.0675809349675445,488
"489",242405,"32_13",29,"DF",202,"PSME","Douglas-fir","DF",11,8.1,75,20,1,"Y",0,0,11.5,0.0675809349675445,489
"490",242405,"32_13",6,"DF",202,"PSME","Douglas-fir","DF",8,8.4,83,40,1,"Y",0,0,13.9,0.0675809349675445,490
"491",242405,"32_13",27,"DF",202,"PSME","Douglas-fir","DF",8,14.9,89,55,1,"Y",0,0,41.5,0.0675809349675445,491
"492",242405,"32_13",28,"DF",202,"PSME","Douglas-fir","DF",10,7.1,65,25,1,"Y",0,0,7.6,0.0675809349675445,492
"493",242405,"32_13",33,"OM",981,"UMCA","Oregon myrtle","OM",14,5.5,52,25,1,"Y",0,0,5.6,0.0675809349675445,493
"494",242405,"32_13",18,"DF",202,"PSME","Douglas-fir","DF",15,6.9,61,45,1,"Y",0,0,6.7,0.0675809349675445,494
"495",242405,"32_13",7,"DF",202,"PSME","Douglas-fir","DF",5,7.5,59,40,1,"Y",0,0,7.6,0.0675809349675445,495
"496",242405,"32_13",14,"DF",202,"PSME","Douglas-fir","DF",7,7,59,40,1,"Y",0,0,6.6,0.0675809349675445,496
"497",242405,"32_13",10,"DF",202,"PSME","Douglas-fir","DF",4,10.4,70,50,1,"Y",0,0,16.6,0.0675809349675445,497
"498",242405,"32_13",13,"DF",202,"PSME","Douglas-fir","DF",11,5.9,55,40,1,"Y",0,0,4.5,0.0675809349675445,498
"499",242405,"32_13",34,"OM",981,"UMCA","Oregon myrtle","OM",15,5.5,52,25,1,"Y",0,0,5.6,0.0675809349675445,499
"500",242405,"32_13",25,"DF",202,"PSME","Douglas-fir","DF",1,9.3,65,40,1,"Y",0,0,12.5,0.0675809349675445,500
"501",242405,"32_13",3,"DF",202,"PSME","Douglas-fir","DF",,1,6,,,"Y",,,0,0.422380843547153,501
"502",242405,"32_13",31,"DF",202,"PSME","Douglas-fir","DF",13,7.4,67,25,1,"Y",0,0,8.5,0.0675809349675445,502
"503",242405,"32_13",20,"DF",202,"PSME","Douglas-fir","DF",12,13.1,88,70,1,"Y",0,0,32.9,0.0675809349675445,503
"504",242405,"32_25",12,"WH",263,"TSHE","Western hemlock","WH",13,18.9,100,60,1,"Y",0,0,77.9,0.202972266035875,504
"505",242405,"32_25",13,"WH",263,"TSHE","Western hemlock","WH",33,12.7,77,80,1,"Y",0,0,28.7,0.202972266035875,505
"506",242405,"32_25",14,"DF",202,"PSME","Douglas-fir","DF",39,12.1,73,0,2,"N",2,0,22.7,0.202972266035875,506
"507",242405,"32_25",6,"DF",202,"PSME","Douglas-fir","DF",57,17,128,45,1,"Y",0,0,79.5,0.202972266035875,507
"508",242405,"32_25",7,"DF",202,"PSME","Douglas-fir","DF",64,21.3,119,45,1,"Y",0,0,109.2,0.202972266035875,508
"509",242405,"32_25",8,"DF",202,"PSME","Douglas-fir","DF",82,19.6,119,45,1,"Y",0,0,94.9,0.202972266035875,509
"510",242405,"32_25",2,"RA",351,"ALRU","Red alder","RA",68,10.8,61,55,1,"Y",0,0,21.3,0.202972266035875,510
"511",242405,"32_25",10,"DF",202,"PSME","Douglas-fir","DF",41,21.1,130,35,1,"Y",0,0,119,0.202972266035875,511
"512",242405,"32_25",15,"BM",312,"ACMA","Bigleaf maple","BM",47,7.5,62,35,1,"Y",0,0,9.7,0.202972266035875,512
"513",242405,"32_25",1,"WH",263,"TSHE","Western hemlock","WH",64,14.1,95,55,1,"Y",0,0,44.3,0.202972266035875,513
"514",242405,"32_25",16,"DF",202,"PSME","Douglas-fir","DF",53,18.1,72,0,2,"N",2,0,45,0.202972266035875,514
"515",242405,"32_25",9,"DF",202,"PSME","Douglas-fir","DF",69,27.3,127,55,1,"Y",0,0,178.8,0.202972266035875,515
"516",242405,"32_25",11,"WH",263,"TSHE","Western hemlock","WH",8,29.5,99,60,1,"Y",0,0,163.8,0.202972266035875,516
"517",242405,"32_25",4,"WH",263,"TSHE","Western hemlock","WH",60,10.3,58,50,1,"Y",0,0,14,0.202972266035875,517
"518",242405,"32_25",5,"DF",202,"PSME","Douglas-fir","DF",16,22.4,113,55,1,"Y",0,0,111.2,0.202972266035875,518
"519",242405,"32_25",3,"DF",202,"PSME","Douglas-fir","DF",58,32.5,112,60,1,"Y",0,0,199.2,0.202972266035875,519
"520",242405,"32_A07",16,"RA",351,"ALRU","Red alder","RA",25,6.2,26,15,3,"Y",0,0,2.7,0.305697973560166,520
"521",242405,"32_A07",9,"RA",351,"ALRU","Red alder","RA",37,9.8,67,45,1,"Y",0,0,18.5,0.305697973560166,521
"522",242405,"32_A07",5,"RA",351,"ALRU","Red alder","RA",45,6.3,43,40,1,"Y",0,0,6.2,0.305697973560166,522
"523",242405,"32_A07",18,"DF",202,"PSME","Douglas-fir","DF",15,10.1,52,0,1,"N",2,0,11.3,0.305697973560166,523
"524",242405,"32_A07",13,"RA",351,"ALRU","Red alder","RA",15,12.8,61,45,1,"Y",0,0,29.9,0.305697973560166,524
"525",242405,"32_A07",3,"RA",351,"ALRU","Red alder","RA",42,8.9,61,45,1,"Y",0,0,14.5,0.305697973560166,525
"526",242405,"32_A07",7,"RA",351,"ALRU","Red alder","RA",40,5.8,40,40,3,"Y",0,0,5.1,0.305697973560166,526
"527",242405,"32_A07",17,"GF",17,"ABGR","Grand fir","GF",36,34,97,50,1,"Y",0,0,302.5,0.305697973560166,527
"528",242405,"32_A07",15,"RA",351,"ALRU","Red alder","RA",21,6.4,48,40,1,"Y",0,0,6.7,0.305697973560166,528
"529",242405,"32_A07",14,"RA",351,"ALRU","Red alder","RA",19,12.9,63,45,1,"Y",0,0,30.9,0.305697973560166,529
"530",242405,"32_A07",10,"RA",351,"ALRU","Red alder","RA",37,9.1,67,40,1,"Y",0,0,15.9,0.305697973560166,530
"531",242405,"32_A07",12,"RA",351,"ALRU","Red alder","RA",1,6.3,33,30,1,"Y",0,0,3.6,0.305697973560166,531
"532",242405,"32_A07",6,"RA",351,"ALRU","Red alder","RA",41,8.3,69,60,1,"Y",0,0,13.5,0.305697973560166,532
"533",242405,"32_A07",2,"RA",351,"ALRU","Red alder","RA",42,9.3,64,55,1,"Y",0,0,16.2,0.305697973560166,533
"534",242405,"32_A07",4,"RA",351,"ALRU","Red alder","RA",33,10.1,66,45,1,"Y",0,0,19.4,0.305697973560166,534
"535",242405,"32_A07",11,"RA",351,"ALRU","Red alder","RA",34,11.2,69,45,1,"Y",0,0,24.5,0.305697973560166,535
"536",242405,"32_A07",8,"RA",351,"ALRU","Red alder","RA",41,10.3,73,45,1,"Y",0,0,21.4,0.305697973560166,536
"537",242405,"32_A07",1,"DF",202,"PSME","Douglas-fir","DF",29,5.7,47,40,1,"Y",0,0,3.5,0.305697973560166,537
"538",242405,"33_08",9,"DF",202,"PSME","Douglas-fir","DF",7,14.3,85,40,1,"Y",0,0,36.6,0.0347088310081598,538
"539",242405,"33_08",4,"DF",202,"PSME","Douglas-fir","DF",5,6.4,59,45,1,"Y",0,0,5.6,0.0347088310081598,539
"540",242405,"33_08",14,"DF",202,"PSME","Douglas-fir","DF",18,8.7,68,45,1,"Y",0,0,11.7,0.0347088310081598,540
"541",242405,"33_08",10,"DF",202,"PSME","Douglas-fir","DF",9,9.8,64,70,1,"Y",0,0,13.4,0.0347088310081598,541
"542",242405,"33_08",3,"DF",202,"PSME","Douglas-fir","DF",15,12.3,77,70,1,"Y",0,0,25,0.0347088310081598,542
"543",242405,"33_08",28,"DF",202,"PSME","Douglas-fir","DF",23,10.8,74,50,1,"Y",0,0,19,0.0347088310081598,543
"544",242405,"33_08",2,"DF",202,"PSME","Douglas-fir","DF",19,11.3,75,65,1,"Y",0,0,20.9,0.0347088310081598,544
"545",242405,"33_08",25,"DF",202,"PSME","Douglas-fir","DF",15,46.4,26,0,2,"N",3,0,133.1,0.0347088310081598,545
"546",242405,"33_08",16,"DF",202,"PSME","Douglas-fir","DF",22,8.7,63,40,1,"Y",0,0,10.7,0.0347088310081598,546
"547",242405,"33_08",6,"DF",202,"PSME","Douglas-fir","DF",11,9.3,73,50,1,"Y",0,0,14.4,0.0347088310081598,547
"548",242405,"33_08",12,"DF",202,"PSME","Douglas-fir","DF",13,10.9,66,55,1,"Y",0,0,16.8,0.0347088310081598,548
"549",242405,"33_08",24,"DF",202,"PSME","Douglas-fir","DF",10,46.8,222,25,2,"Y",0,0,792.4,0.0347088310081598,549
"550",242405,"33_08",27,"DF",202,"PSME","Douglas-fir","DF",19,7.8,63,65,1,"Y",0,0,8.8,0.0347088310081598,550
"551",242405,"33_08",20,"DF",202,"PSME","Douglas-fir","DF",1,7.8,56,45,1,"Y",0,0,7.7,0.0347088310081598,551
"552",242405,"33_08",19,"DF",202,"PSME","Douglas-fir","DF",6,9.8,68,65,1,"Y",0,0,14.4,0.0347088310081598,552
"553",242405,"33_08",13,"DF",202,"PSME","Douglas-fir","DF",21,9.1,59,50,1,"Y",0,0,10.7,0.0347088310081598,553
"554",242405,"33_08",15,"DF",202,"PSME","Douglas-fir","DF",14,13.4,78,50,1,"Y",0,0,29.4,0.0347088310081598,554
"555",242405,"33_08",7,"DF",202,"PSME","Douglas-fir","DF",5,8.7,71,70,1,"Y",0,0,12.3,0.0347088310081598,555
"556",242405,"33_08",26,"DF",202,"PSME","Douglas-fir","DF",22,10.9,73,70,1,"Y",0,0,19,0.0347088310081598,556
"557",242405,"33_08",1,"DF",202,"PSME","Douglas-fir","DF",21,8.2,60,55,1,"Y",0,0,9.1,0.0347088310081598,557
"558",242405,"33_08",21,"DF",202,"PSME","Douglas-fir","DF",1,9.1,59,30,1,"Y",0,0,10.7,0.0347088310081598,558
"559",242405,"33_08",1,"OM",981,"UMCA","Oregon myrtle","OM",,1,15,,,"Y",,,0,0.216930193800999,559
"560",242405,"33_08",17,"DF",202,"PSME","Douglas-fir","DF",14,10.9,76,50,1,"Y",0,0,19.9,0.0347088310081598,560
"561",242405,"33_08",8,"DF",202,"PSME","Douglas-fir","DF",4,11.2,82,50,1,"Y",0,0,23,0.0347088310081598,561
"562",242405,"33_08",23,"DF",202,"PSME","Douglas-fir","DF",8,5.6,40,40,1,"Y",0,0,2.9,0.0347088310081598,562
"563",242405,"33_08",11,"DF",202,"PSME","Douglas-fir","DF",19,11.3,84,45,1,"Y",0,0,24.1,0.0347088310081598,563
"564",242405,"33_08",22,"DF",202,"PSME","Douglas-fir","DF",16,13.4,72,60,1,"Y",0,0,26.7,0.0347088310081598,564
"565",242405,"33_08",30,"DF",202,"PSME","Douglas-fir","DF",21,10,71,50,1,"Y",0,0,15.8,0.0347088310081598,565
"566",242405,"33_08",5,"DF",202,"PSME","Douglas-fir","DF",10,11.6,79,70,1,"Y",0,0,23.3,0.0347088310081598,566
"567",242405,"33_08",18,"DF",202,"PSME","Douglas-fir","DF",15,9.8,72,70,1,"Y",0,0,15.5,0.0347088310081598,567
"568",242405,"33_08",29,"DF",202,"PSME","Douglas-fir","DF",24,12.3,75,60,1,"Y",0,0,24.2,0.0347088310081598,568
"569",242405,"33_10",2,"OM",981,"UMCA","Oregon myrtle","OM",,3,22,,,"Y",,,0.5,0.425412388172555,569
"570",242405,"33_10",3,"OM",981,"UMCA","Oregon myrtle","OM",,2,17,,,"Y",,,0.2,0.425412388172555,570
"571",242405,"33_10",21,"DF",202,"PSME","Douglas-fir","DF",42,12.9,81,55,1,"Y",0,0,28.9,0.0680659821076088,571
"572",242405,"33_10",2,"OM",981,"UMCA","Oregon myrtle","OM",,3,22,,,"Y",,,0.5,0.425412388172555,572
"573",242405,"33_10",9,"DF",202,"PSME","Douglas-fir","DF",36,12.4,55,60,1,"Y",0,0,17.4,0.0680659821076088,573
"574",242405,"33_10",7,"DF",202,"PSME","Douglas-fir","DF",22,12.8,69,40,1,"Y",0,0,23.5,0.0680659821076088,574
"575",242405,"33_10",11,"DF",202,"PSME","Douglas-fir","DF",21,11.5,70,40,1,"Y",0,0,19.8,0.0680659821076088,575
"576",242405,"33_10",15,"DF",202,"PSME","Douglas-fir","DF",34,12.5,74,55,1,"Y",0,0,24.5,0.0680659821076088,576
"577",242405,"33_10",6,"DF",202,"PSME","Douglas-fir","DF",18,11.1,67,40,1,"Y",0,0,17.6,0.0680659821076088,577
"578",242405,"33_10",13,"DF",202,"PSME","Douglas-fir","DF",4,13.2,70,40,1,"Y",0,0,25.2,0.0680659821076088,578
"579",242405,"33_10",10,"DF",202,"PSME","Douglas-fir","DF",40,9.9,62,35,1,"Y",0,0,13.2,0.0680659821076088,579
"580",242405,"33_10",3,"OM",981,"UMCA","Oregon myrtle","OM",,2,17,,,"Y",,,0.2,0.425412388172555,580
"581",242405,"33_10",2,"OM",981,"UMCA","Oregon myrtle","OM",,3,22,,,"Y",,,0.5,0.425412388172555,581
"582",242405,"33_10",12,"DF",202,"PSME","Douglas-fir","DF",12,14.3,69,50,1,"Y",0,0,28.5,0.0680659821076088,582
"583",242405,"33_10",4,"DF",202,"PSME","Douglas-fir","DF",,3,43,,,"Y",,,1,0.425412388172555,583
"584",242405,"33_10",2,"OM",981,"UMCA","Oregon myrtle","OM",,3,22,,,"Y",,,0.5,0.425412388172555,584
"585",242405,"33_10",2,"DF",202,"PSME","Douglas-fir","DF",26,10.2,65,50,1,"Y",0,0,14.7,0.0680659821076088,585
"586",242405,"33_10",18,"DF",202,"PSME","Douglas-fir","DF",62,15.1,77,65,1,"Y",0,0,35.6,0.0680659821076088,586
"587",242405,"33_10",5,"DF",202,"PSME","Douglas-fir","DF",45,11.6,72,40,1,"Y",0,0,20.8,0.0680659821076088,587
"588",242405,"33_10",3,"OM",981,"UMCA","Oregon myrtle","OM",,2,17,,,"Y",,,0.2,0.425412388172555,588
"589",242405,"33_10",20,"DF",202,"PSME","Douglas-fir","DF",68,10.8,64,70,1,"Y",0,0,15.9,0.0680659821076088,589
"590",242405,"33_10",2,"OM",981,"UMCA","Oregon myrtle","OM",,3,22,,,"Y",,,0.5,0.425412388172555,590
"591",242405,"33_10",1,"DF",202,"PSME","Douglas-fir","DF",28,13.7,75,30,1,"Y",0,0,29.1,0.0680659821076088,591
"592",242405,"33_10",2,"OM",981,"UMCA","Oregon myrtle","OM",,3,22,,,"Y",,,0.5,0.425412388172555,592
"593",242405,"33_10",19,"DF",202,"PSME","Douglas-fir","DF",61,6.3,46,55,1,"Y",0,0,4.2,0.0680659821076088,593
"594",242405,"33_10",22,"DF",202,"PSME","Douglas-fir","DF",54,9.6,63,65,1,"Y",0,0,12.7,0.0680659821076088,594
"595",242405,"33_10",1,"OM",981,"UMCA","Oregon myrtle","OM",,4,34,,,"Y",,,2.4,0.425412388172555,595
"596",242405,"33_10",23,"DF",202,"PSME","Douglas-fir","DF",40,9.5,59,40,1,"Y",0,0,11.6,0.0680659821076088,596
"597",242405,"33_10",16,"DF",202,"PSME","Douglas-fir","DF",29,11.5,69,40,1,"Y",0,0,19.4,0.0680659821076088,597
"598",242405,"33_10",3,"DF",202,"PSME","Douglas-fir","DF",8,11.2,68,50,1,"Y",0,0,18.2,0.0680659821076088,598
"599",242405,"33_10",2,"OM",981,"UMCA","Oregon myrtle","OM",,3,22,,,"Y",,,0.5,0.425412388172555,599
"600",242405,"33_10",2,"OM",981,"UMCA","Oregon myrtle","OM",,3,22,,,"Y",,,0.5,0.425412388172555,600
"601",242405,"33_10",8,"DF",202,"PSME","Douglas-fir","DF",40,11,70,40,1,"Y",0,0,18.3,0.0680659821076088,601
"602",242405,"33_10",17,"DF",202,"PSME","Douglas-fir","DF",45,13.7,71,50,1,"Y",0,0,27.3,0.0680659821076088,602
"603",242405,"33_10",4,"DF",202,"PSME","Douglas-fir","DF",1,12.2,69,45,1,"Y",0,0,21.6,0.0680659821076088,603
"604",242405,"33_10",14,"DF",202,"PSME","Douglas-fir","DF",18,13.2,78,65,1,"Y",0,0,28.7,0.0680659821076088,604
"605",242405,"33_17",1,"RA",351,"ALRU","Red alder","RA",78,23.2,68,65,1,"Y",0,0,104,0.0442609323322354,605
"606",242405,"33_17",3,"RA",351,"ALRU","Red alder","RA",56,11.2,80,50,1,"Y",0,0,26.6,0.0442609323322354,606
"607",242405,"33_17",2,"RA",351,"ALRU","Red alder","RA",64,11.7,66,45,1,"Y",0,0,26.1,0.0442609323322354,607
"608",242405,"33_17",4,"RA",351,"ALRU","Red alder","RA",4,9.4,78,75,1,"Y",0,0,18.5,0.0442609323322354,608
"609",242405,"33_A08",2,"WH",263,"TSHE","Western hemlock","WH",5,10.6,58,85,1,"Y",0,0,14.7,0.0340613961354536,609
"610",242405,"33_A08",6,"DF",202,"PSME","Douglas-fir","DF",36,46.7,164,50,1,"Y",0,0,556.4,0.0340613961354536,610
"611",242405,"33_A08",4,"DF",202,"PSME","Douglas-fir","DF",40,21.7,120,50,1,"Y",0,0,113.8,0.0340613961354536,611
"612",242405,"33_A08",1,"DF",202,"PSME","Douglas-fir","DF",,4,42,,,"Y",,,1.6,0.212883725846585,612
"613",242405,"33_A08",5,"DF",202,"PSME","Douglas-fir","DF",42,50.5,194,55,1,"Y",0,0,769.8,0.0340613961354536,613
"614",242405,"33_A08",3,"DF",202,"PSME","Douglas-fir","DF",,2,25,,,"Y",,,0.3,0.212883725846585,614
"615",242405,"33_A08",1,"DF",202,"PSME","Douglas-fir","DF",58,7.7,35,85,1,"Y",0,0,4.7,0.0340613961354536,615
"616",242405,"33_A08",3,"DF",202,"PSME","Douglas-fir","DF",16,17.7,99,50,1,"Y",0,0,63.5,0.0340613961354536,616
"617",242405,"33_A08",2,"DF",202,"PSME","Douglas-fir","DF",,3,35,,,"Y",,,0.8,0.212883725846585,617
"618",242405,"33_A10",18,"RA",351,"ALRU","Red alder","RA",48,6.3,62,60,1,"Y",0,0,7.4,0.0333498727806433,618
"619",242405,"33_A10",16,"RA",351,"ALRU","Red alder","RA",64,5.8,54,50,1,"Y",0,0,5.8,0.0333498727806433,619
"620",242405,"33_A10",17,"RA",351,"ALRU","Red alder","RA",54,8.2,65,60,1,"Y",0,0,12.7,0.0333498727806433,620
"621",242405,"33_A10",23,"DF",202,"PSME","Douglas-fir","DF",19,9.3,65,60,1,"Y",0,0,12.5,0.0333498727806433,621
"622",242405,"33_A10",14,"DF",202,"PSME","Douglas-fir","DF",2,9,54,65,1,"Y",0,0,9.5,0.0333498727806433,622
"623",242405,"33_A10",4,"DF",202,"PSME","Douglas-fir","DF",12,11.3,64,45,1,"Y",0,0,17.3,0.0333498727806433,623
"624",242405,"33_A10",3,"DF",202,"PSME","Douglas-fir","DF",18,5.9,48,45,1,"Y",0,0,3.8,0.0333498727806433,624
"625",242405,"33_A10",3,"DF",202,"PSME","Douglas-fir","DF",,1,13,,,"Y",,,0.1,0.20843670487902,625
"626",242405,"33_A10",21,"DF",202,"PSME","Douglas-fir","DF",19,18.1,35,0,2,"N",3,0,24,0.0333498727806433,626
"627",242405,"33_A10",12,"RA",351,"ALRU","Red alder","RA",57,9.5,45,50,1,"Y",0,0,14.3,0.0333498727806433,627
"628",242405,"33_A10",7,"DF",202,"PSME","Douglas-fir","DF",2,9.2,54,65,1,"Y",0,0,9.9,0.0333498727806433,628
"629",242405,"33_A10",11,"DF",202,"PSME","Douglas-fir","DF",21,10.7,61,65,1,"Y",0,0,14.8,0.0333498727806433,629
"630",242405,"33_A10",2,"RA",351,"ALRU","Red alder","RA",,3,38,,,"Y",,,0.9,0.20843670487902,630
"631",242405,"33_A10",13,"RA",351,"ALRU","Red alder","RA",43,6.7,43,50,1,"Y",0,0,7,0.0333498727806433,631
"632",242405,"33_A10",19,"DF",202,"PSME","Douglas-fir","DF",29,34,25,0,2,"N",4,0,72,0.0333498727806433,632
"633",242405,"33_A10",5,"DF",202,"PSME","Douglas-fir","DF",13,8.8,52,40,1,"Y",0,0,8.8,0.0333498727806433,633
"634",242405,"33_A10",3,"DF",202,"PSME","Douglas-fir","DF",,1,13,,,"Y",,,0.1,0.20843670487902,634
"635",242405,"33_A10",6,"DF",202,"PSME","Douglas-fir","DF",2,15.3,67,55,1,"Y",0,0,31,0.0333498727806433,635
"636",242405,"33_A10",1,"DF",202,"PSME","Douglas-fir","DF",15,12.1,64,50,1,"Y",0,0,19.5,0.0333498727806433,636
"637",242405,"33_A10",22,"DF",202,"PSME","Douglas-fir","DF",13,15.2,33,0,2,"N",3,0,16.8,0.0333498727806433,637
"638",242405,"33_A10",1,"DF",202,"PSME","Douglas-fir","DF",,5,29,,,"Y",,,1.8,0.20843670487902,638
"639",242405,"33_A10",2,"DF",202,"PSME","Douglas-fir","DF",16,37.3,15,0,2,"N",5,0,53.8,0.0333498727806433,639
"640",242405,"33_A10",15,"RA",351,"ALRU","Red alder","RA",54,6.8,57,60,1,"Y",0,0,8.2,0.0333498727806433,640
"641",242405,"33_A10",9,"DF",202,"PSME","Douglas-fir","DF",5,11.1,53,75,1,"Y",0,0,13.7,0.0333498727806433,641
"642",242405,"33_A10",24,"DF",202,"PSME","Douglas-fir","DF",25,48,198,40,1,"Y",0,0,731.9,0.0333498727806433,642
"643",242405,"33_A10",8,"DF",202,"PSME","Douglas-fir","DF",4,9.4,56,50,1,"Y",0,0,10.7,0.0333498727806433,643
"644",242405,"33_A10",10,"DF",202,"PSME","Douglas-fir","DF",1,6.3,35,70,1,"Y",0,0,3.2,0.0333498727806433,644
"645",242405,"33_A10",20,"DF",202,"PSME","Douglas-fir","DF",10,10.5,58,70,1,"Y",0,0,13.6,0.0333498727806433,645
"646",242405,"41_01",34,"GC",431,"CACH","Golden chinkapin","OtherBroadLeaved",36,5.6,46,25,1,"Y",0,0,4.8,0.1357068790744,646
"647",242405,"41_01",3,"DF",202,"PSME","Douglas-fir","DF",58,8.4,76,40,1,"Y",0,0,12.5,0.1357068790744,647
"648",242405,"41_01",47,"DF",202,"PSME","Douglas-fir","DF",29,7.3,58,30,1,"Y",0,0,7,0.1357068790744,648
"649",242405,"41_01",12,"DF",202,"PSME","Douglas-fir","DF",25,17.8,108,50,1,"Y",0,0,71.5,0.1357068790744,649
"650",242405,"41_01",9,"DF",202,"PSME","Douglas-fir","DF",34,7.9,39,25,3,"Y",0,0,5.5,0.1357068790744,650
"651",242405,"41_01",29,"DF",202,"PSME","Douglas-fir","DF",37,12.8,97,30,1,"Y",0,0,35.6,0.1357068790744,651
"652",242405,"41_01",4,"DF",202,"PSME","Douglas-fir","DF",56,11,88,45,1,"Y",0,0,24.3,0.1357068790744,652
"653",242405,"41_01",31,"DF",202,"PSME","Douglas-fir","DF",47,11.7,84,20,1,"Y",0,0,25.5,0.1357068790744,653
"654",242405,"41_01",38,"DF",202,"PSME","Douglas-fir","DF",14,13.9,100,40,1,"Y",0,0,42.7,0.1357068790744,654
"655",242405,"41_01",19,"DF",202,"PSME","Douglas-fir","DF",18,16.4,97,30,1,"Y",0,0,54.4,0.1357068790744,655
"656",242405,"41_01",11,"DF",202,"PSME","Douglas-fir","DF",39,16.5,98,45,1,"Y",0,0,55.7,0.1357068790744,656
"657",242405,"41_01",23,"DF",202,"PSME","Douglas-fir","DF",28,7.3,72,40,1,"Y",0,0,9.1,0.1357068790744,657
"658",242405,"41_01",6,"DF",202,"PSME","Douglas-fir","DF",58,13.9,100,55,1,"Y",0,0,42.7,0.1357068790744,658
"659",242405,"41_01",2,"DF",202,"PSME","Douglas-fir","DF",57,14.6,95,50,1,"Y",0,0,43.5,0.1357068790744,659
"660",242405,"41_01",30,"DF",202,"PSME","Douglas-fir","DF",29,13,92,30,1,"Y",0,0,34.3,0.1357068790744,660
"661",242405,"41_01",39,"CH",760,"PRUNU","Cherry","OtherBroadLeaved",21,6.7,73,30,1,"Y",0,0,9.9,0.1357068790744,661
"662",242405,"41_01",37,"DF",202,"PSME","Douglas-fir","DF",21,12.4,72,25,1,"Y",0,0,23.3,0.1357068790744,662
"663",242405,"41_01",13,"DF",202,"PSME","Douglas-fir","DF",35,11.3,86,20,1,"Y",0,0,24.8,0.1357068790744,663
"664",242405,"41_01",20,"DF",202,"PSME","Douglas-fir","DF",35,15.7,103,40,1,"Y",0,0,54.5,0.1357068790744,664
"665",242405,"41_01",44,"DF",202,"PSME","Douglas-fir","DF",1,8.9,66,0,1,"N",2,0,11.8,0.1357068790744,665
"666",242405,"41_01",36,"GC",431,"CACH","Golden chinkapin","OtherBroadLeaved",35,9,63,25,1,"Y",0,0,14.3,0.1357068790744,666
"667",242405,"41_01",8,"DF",202,"PSME","Douglas-fir","DF",57,6.3,66,15,1,"Y",0,0,6.2,0.1357068790744,667
"668",242405,"41_01",7,"DF",202,"PSME","Douglas-fir","DF",61,11.7,103,45,1,"Y",0,0,32.4,0.1357068790744,668
"669",242405,"41_01",15,"BM",312,"ACMA","Bigleaf maple","BM",20,9.4,68,35,1,"Y",0,0,16.9,0.1357068790744,669
"670",242405,"41_01",16,"DF",202,"PSME","Douglas-fir","DF",1,13.5,84,25,1,"Y",0,0,32.7,0.1357068790744,670
"671",242405,"41_01",46,"DF",202,"PSME","Douglas-fir","DF",20,6.4,40,0,1,"N",2,0,3.7,0.1357068790744,671
"672",242405,"41_01",43,"DF",202,"PSME","Douglas-fir","DF",1,7.3,56,20,1,"Y",0,0,6.8,0.1357068790744,672
"673",242405,"41_01",5,"DF",202,"PSME","Douglas-fir","DF",56,11.6,99,50,1,"Y",0,0,30.6,0.1357068790744,673
"674",242405,"41_01",25,"DF",202,"PSME","Douglas-fir","DF",38,11.3,93,30,1,"Y",0,0,27.2,0.1357068790744,674
"675",242405,"41_01",40,"CH",760,"PRUNU","Cherry","OtherBroadLeaved",10,6,51,25,1,"Y",0,0,6.5,0.1357068790744,675
"676",242405,"41_01",22,"DF",202,"PSME","Douglas-fir","DF",34,14,94,30,1,"Y",0,0,40,0.1357068790744,676
"677",242405,"41_01",33,"DF",202,"PSME","Douglas-fir","DF",48,13.3,95,25,1,"Y",0,0,37.1,0.1357068790744,677
"678",242405,"41_01",28,"DF",202,"PSME","Douglas-fir","DF",33,10.7,91,30,1,"Y",0,0,24,0.1357068790744,678
"679",242405,"41_01",17,"DF",202,"PSME","Douglas-fir","DF",13,6.7,63,10,1,"Y",0,0,6.6,0.1357068790744,679
"680",242405,"41_01",26,"DF",202,"PSME","Douglas-fir","DF",36,12.7,96,35,1,"Y",0,0,34.7,0.1357068790744,680
"681",242405,"41_01",42,"DF",202,"PSME","Douglas-fir","DF",3,13.8,102,35,1,"Y",0,0,43.2,0.1357068790744,681
"682",242405,"41_01",24,"DF",202,"PSME","Douglas-fir","DF",42,7.5,60,15,1,"Y",0,0,7.7,0.1357068790744,682
"683",242405,"41_01",14,"BM",312,"ACMA","Bigleaf maple","BM",28,8.2,70,55,1,"Y",0,0,12.7,0.1357068790744,683
"684",242405,"41_01",27,"DF",202,"PSME","Douglas-fir","DF",33,6.7,53,30,1,"Y",0,0,5.4,0.1357068790744,684
"685",242405,"41_01",21,"DF",202,"PSME","Douglas-fir","DF",31,11.6,86,25,1,"Y",0,0,25.9,0.1357068790744,685
"686",242405,"41_01",35,"GC",431,"CACH","Golden chinkapin","OtherBroadLeaved",38,7.1,65,25,1,"Y",0,0,9.1,0.1357068790744,686
"687",242405,"41_01",1,"DF",202,"PSME","Douglas-fir","DF",44,5.7,47,0,1,"N",2,0,3.5,0.1357068790744,687
"688",242405,"41_01",18,"DF",202,"PSME","Douglas-fir","DF",20,6.1,60,15,1,"Y",0,0,5.3,0.1357068790744,688
"689",242405,"41_01",41,"DF",202,"PSME","Douglas-fir","DF",3,11.2,88,30,1,"Y",0,0,25.1,0.1357068790744,689
"690",242405,"41_01",10,"DF",202,"PSME","Douglas-fir","DF",49,11.2,96,45,1,"Y",0,0,27.7,0.1357068790744,690
"691",242405,"41_01",45,"DF",202,"PSME","Douglas-fir","DF",7,17.6,102,40,1,"Y",0,0,65.3,0.1357068790744,691
"692",242405,"41_01",32,"DF",202,"PSME","Douglas-fir","DF",30,6.7,77,15,1,"Y",0,0,8.4,0.1357068790744,692
"693",242405,"41_09",21,"DF",202,"PSME","Douglas-fir","DF",3,6.7,59,30,1,"Y",0,0,6.1,0.0337733392188327,693
"694",242405,"41_09",20,"DF",202,"PSME","Douglas-fir","DF",8,5.8,60,25,1,"Y",0,0,4.8,0.0337733392188327,694
"695",242405,"41_09",3,"DF",202,"PSME","Douglas-fir","DF",,5,48,,,"Y",,,2.8,0.211083370117704,695
"696",242405,"41_09",3,"DF",202,"PSME","Douglas-fir","DF",,5,48,,,"Y",,,2.8,0.211083370117704,696
"697",242405,"41_09",2,"DF",202,"PSME","Douglas-fir","DF",,4,45,,,"Y",,,1.7,0.211083370117704,697
"698",242405,"41_09",22,"DF",202,"PSME","Douglas-fir","DF",13,13,83,40,1,"Y",0,0,30.2,0.0337733392188327,698
"699",242405,"41_09",1,"DF",202,"PSME","Douglas-fir","DF",54,16.2,90,60,1,"Y",0,0,48.6,0.0337733392188327,699
"700",242405,"41_09",13,"DF",202,"PSME","Douglas-fir","DF",24,7.3,83,30,1,"Y",0,0,10.8,0.0337733392188327,700
"701",242405,"41_09",3,"DF",202,"PSME","Douglas-fir","DF",54,12.8,86,45,1,"Y",0,0,30.7,0.0337733392188327,701
"702",242405,"41_09",6,"DF",202,"PSME","Douglas-fir","DF",31,14.4,93,35,1,"Y",0,0,41.4,0.0337733392188327,702
"703",242405,"41_09",23,"DF",202,"PSME","Douglas-fir","DF",17,19.6,95,40,1,"Y",0,0,71.5,0.0337733392188327,703
"704",242405,"41_09",28,"DF",202,"PSME","Douglas-fir","DF",43,8.9,81,35,1,"Y",0,0,15,0.0337733392188327,704
"705",242405,"41_09",26,"PM",361,"ARME","Pacific madrone","OtherBroadLeaved",56,12.9,69,40,1,"Y",0,0,35.2,0.0337733392188327,705
"706",242405,"41_09",24,"DF",202,"PSME","Douglas-fir","DF",30,7.6,77,60,1,"Y",0,0,10.6,0.0337733392188327,706
"707",242405,"41_09",8,"DF",202,"PSME","Douglas-fir","DF",8,8.9,82,30,1,"Y",0,0,15.2,0.0337733392188327,707
"708",242405,"41_09",19,"DF",202,"PSME","Douglas-fir","DF",10,5.7,56,20,1,"Y",0,0,4.3,0.0337733392188327,708
"709",242405,"41_09",5,"DF",202,"PSME","Douglas-fir","DF",32,10.5,88,40,1,"Y",0,0,22.3,0.0337733392188327,709
"710",242405,"41_09",9,"DF",202,"PSME","Douglas-fir","DF",7,9.6,90,30,1,"Y",0,0,19.5,0.0337733392188327,710
"711",242405,"41_09",7,"DF",202,"PSME","Douglas-fir","DF",31,9.6,87,35,1,"Y",0,0,18.7,0.0337733392188327,711
"712",242405,"41_09",10,"DF",202,"PSME","Douglas-fir","DF",10,9.8,94,25,1,"Y",0,0,21.3,0.0337733392188327,712
"713",242405,"41_09",16,"DF",202,"PSME","Douglas-fir","DF",32,12.2,85,50,1,"Y",0,0,27.9,0.0337733392188327,713
"714",242405,"41_09",18,"DF",202,"PSME","Douglas-fir","DF",16,9.1,78,35,1,"Y",0,0,14.9,0.0337733392188327,714
"715",242405,"41_09",1,"DF",202,"PSME","Douglas-fir","DF",,3,38,,,"Y",,,0.8,0.211083370117704,715
"716",242405,"41_09",2,"DF",202,"PSME","Douglas-fir","DF",55,6.1,66,30,1,"Y",0,0,5.9,0.0337733392188327,716
"717",242405,"41_09",14,"DF",202,"PSME","Douglas-fir","DF",22,12.4,98,30,1,"Y",0,0,34.1,0.0337733392188327,717
"718",242405,"41_09",11,"DF",202,"PSME","Douglas-fir","DF",10,13.5,98,40,1,"Y",0,0,39.6,0.0337733392188327,718
"719",242405,"41_09",4,"DF",202,"PSME","Douglas-fir","DF",35,6.5,62,35,1,"Y",0,0,6.1,0.0337733392188327,719
"720",242405,"41_09",12,"DF",202,"PSME","Douglas-fir","DF",9,11.5,88,30,1,"Y",0,0,26.3,0.0337733392188327,720
"721",242405,"41_09",25,"DF",202,"PSME","Douglas-fir","DF",43,15.7,94,40,1,"Y",0,0,48.6,0.0337733392188327,721
"722",242405,"41_09",17,"DF",202,"PSME","Douglas-fir","DF",31,5.9,57,30,1,"Y",0,0,4.7,0.0337733392188327,722
"723",242405,"41_09",15,"DF",202,"PSME","Douglas-fir","DF",38,37.7,116,65,1,"Y",0,0,258.7,0.0337733392188327,723
"724",242405,"41_09",27,"PM",361,"ARME","Pacific madrone","OtherBroadLeaved",57,7.1,66,35,1,"Y",0,0,10.5,0.0337733392188327,724
"725",242405,"41_20",43,"DF",202,"PSME","Douglas-fir","DF",9,9.7,87,30,1,"Y",0,0,19.1,0.370446566792085,725
"726",242405,"41_20",28,"DF",202,"PSME","Douglas-fir","DF",43,12.3,78,35,1,"Y",0,0,25.4,0.370446566792085,726
"727",242405,"41_20",11,"DF",202,"PSME","Douglas-fir","DF",59,14.6,92,35,1,"Y",0,0,41.8,0.370446566792085,727
"728",242405,"41_20",4,"DF",202,"PSME","Douglas-fir","DF",44,13.7,85,35,1,"Y",0,0,34,0.370446566792085,728
"729",242405,"41_20",3,"DF",202,"PSME","Douglas-fir","DF",,3,37,,,"Y",,,0.8,2.31529104245053,729
"730",242405,"41_20",36,"DF",202,"PSME","Douglas-fir","DF",74,14.1,81,40,1,"Y",0,0,33.6,0.370446566792085,730
"731",242405,"41_20",21,"RA",351,"ALRU","Red alder","RA",3,5.6,51,30,1,"Y",0,0,5.3,0.370446566792085,731
"732",242405,"41_20",37,"DF",202,"PSME","Douglas-fir","DF",71,9.9,77,35,1,"Y",0,0,17.1,0.370446566792085,732
"733",242405,"41_20",10,"DF",202,"PSME","Douglas-fir","DF",64,9,76,30,1,"Y",0,0,14.2,0.370446566792085,733
"734",242405,"41_20",25,"DF",202,"PSME","Douglas-fir","DF",34,6.7,56,30,1,"Y",0,0,5.8,0.370446566792085,734
"735",242405,"41_20",16,"DF",202,"PSME","Douglas-fir","DF",52,7.7,66,30,1,"Y",0,0,9,0.370446566792085,735
"736",242405,"41_20",6,"DF",202,"PSME","Douglas-fir","DF",67,6.6,64,30,1,"Y",0,0,6.6,0.370446566792085,736
"737",242405,"41_20",34,"DF",202,"PSME","Douglas-fir","DF",76,11.7,87,35,1,"Y",0,0,26.7,0.370446566792085,737
"738",242405,"41_20",2,"DF",202,"PSME","Douglas-fir","DF",,2,9,,,"Y",,,0.1,2.31529104245053,738
"739",242405,"41_20",4,"DF",202,"PSME","Douglas-fir","DF",,4,43,,,"Y",,,1.7,2.31529104245053,739
"740",242405,"41_20",14,"DF",202,"PSME","Douglas-fir","DF",54,7.3,77,0,1,"N",2,0,9.8,0.370446566792085,740
"741",242405,"41_20",17,"DF",202,"PSME","Douglas-fir","DF",41,10.8,66,35,1,"Y",0,0,16.5,0.370446566792085,741
"742",242405,"41_20",9,"DF",202,"PSME","Douglas-fir","DF",58,15.7,86,45,1,"Y",0,0,43.5,0.370446566792085,742
"743",242405,"41_20",41,"DF",202,"PSME","Douglas-fir","DF",37,11.7,80,35,1,"Y",0,0,24,0.370446566792085,743
"744",242405,"41_20",13,"DF",202,"PSME","Douglas-fir","DF",51,6.4,55,25,1,"Y",0,0,5.2,0.370446566792085,744
"745",242405,"41_20",33,"DF",202,"PSME","Douglas-fir","DF",76,8.9,77,30,1,"Y",0,0,14.1,0.370446566792085,745
"746",242405,"41_20",27,"DF",202,"PSME","Douglas-fir","DF",41,12,68,30,1,"Y",0,0,20.6,0.370446566792085,746
"747",242405,"41_20",35,"DF",202,"PSME","Douglas-fir","DF",76,12,90,35,1,"Y",0,0,29.1,0.370446566792085,747
"748",242405,"41_20",32,"DF",202,"PSME","Douglas-fir","DF",62,10.4,81,35,1,"Y",0,0,19.9,0.370446566792085,748
"749",242405,"41_20",29,"DF",202,"PSME","Douglas-fir","DF",48,7,60,30,1,"Y",0,0,6.8,0.370446566792085,749
"750",242405,"41_20",42,"DF",202,"PSME","Douglas-fir","DF",13,15.5,81,35,1,"Y",0,0,39.6,0.370446566792085,750
"751",242405,"41_20",30,"DF",202,"PSME","Douglas-fir","DF",60,14.6,83,40,1,"Y",0,0,36.8,0.370446566792085,751
"752",242405,"41_20",3,"BM",312,"ACMA","Bigleaf maple","BM",37,6.6,56,35,1,"Y",0,0,6.9,0.370446566792085,752
"753",242405,"41_20",8,"DF",202,"PSME","Douglas-fir","DF",70,12.8,83,40,1,"Y",0,0,29.4,0.370446566792085,753
"754",242405,"41_20",2,"BM",312,"ACMA","Bigleaf maple","BM",31,5.6,57,35,1,"Y",0,0,4.8,0.370446566792085,754
"755",242405,"41_20",40,"DF",202,"PSME","Douglas-fir","DF",34,13.9,82,35,1,"Y",0,0,33.3,0.370446566792085,755
"756",242405,"41_20",39,"DF",202,"PSME","Douglas-fir","DF",45,12.5,75,40,1,"Y",0,0,24.9,0.370446566792085,756
"757",242405,"41_20",19,"DF",202,"PSME","Douglas-fir","DF",32,12.1,76,40,1,"Y",0,0,23.9,0.370446566792085,757
"758",242405,"41_20",31,"DF",202,"PSME","Douglas-fir","DF",62,11.5,77,35,1,"Y",0,0,22.2,0.370446566792085,758
"759",242405,"41_20",7,"DF",202,"PSME","Douglas-fir","DF",66,11,78,35,1,"Y",0,0,20.9,0.370446566792085,759
"760",242405,"41_20",23,"DF",202,"PSME","Douglas-fir","DF",16,11.2,69,35,1,"Y",0,0,18.6,0.370446566792085,760
"761",242405,"41_20",22,"DF",202,"PSME","Douglas-fir","DF",6,6.7,52,40,1,"Y",0,0,5.3,0.370446566792085,761
"762",242405,"41_20",15,"DF",202,"PSME","Douglas-fir","DF",46,15,89,40,1,"Y",0,0,42,0.370446566792085,762
"763",242405,"41_20",20,"DF",202,"PSME","Douglas-fir","DF",3,6.9,57,45,1,"Y",0,0,6.2,0.370446566792085,763
"764",242405,"41_20",5,"DF",202,"PSME","Douglas-fir","DF",62,11,78,40,1,"Y",0,0,20.9,0.370446566792085,764
"765",242405,"41_20",12,"DF",202,"PSME","Douglas-fir","DF",58,10.6,83,40,1,"Y",0,0,21.2,0.370446566792085,765
"766",242405,"41_20",1,"DF",202,"PSME","Douglas-fir","DF",,1,5,,,"Y",,,0,2.31529104245053,766
"767",242405,"41_20",1,"DF",202,"PSME","Douglas-fir","DF",,1,5,,,"Y",,,0,2.31529104245053,767
"768",242405,"41_20",26,"DF",202,"PSME","Douglas-fir","DF",43,6.2,55,30,1,"Y",0,0,4.9,0.370446566792085,768
"769",242405,"41_20",1,"DF",202,"PSME","Douglas-fir","DF",,1,5,,,"Y",,,0,2.31529104245053,769
"770",242405,"41_20",38,"DF",202,"PSME","Douglas-fir","DF",49,11.5,80,30,1,"Y",0,0,23.3,0.370446566792085,770
"771",242405,"41_20",24,"DF",202,"PSME","Douglas-fir","DF",29,5.8,43,45,1,"Y",0,0,3.3,0.370446566792085,771
"772",242405,"41_20",1,"DF",202,"PSME","Douglas-fir","DF",23,12.3,82,35,1,"Y",0,0,27,0.370446566792085,772
"773",242405,"41_20",18,"DF",202,"PSME","Douglas-fir","DF",33,9.9,64,40,1,"Y",0,0,13.7,0.370446566792085,773
"774",242405,"41_20",2,"DF",202,"PSME","Douglas-fir","DF",,2,9,,,"Y",,,0.1,2.31529104245053,774
"775",242405,"41_29",19,"DF",202,"PSME","Douglas-fir","DF",47,7,22,70,3,"Y",0,0,3,0.0339599719262646,775
"776",242405,"41_29",16,"DF",202,"PSME","Douglas-fir","DF",45,9.6,35,30,3,"Y",0,0,7.3,0.0339599719262646,776
"777",242405,"41_29",8,"DF",202,"PSME","Douglas-fir","DF",36,12.1,78,45,1,"Y",0,0,24.7,0.0339599719262646,777
"778",242405,"41_29",18,"DF",202,"PSME","Douglas-fir","DF",44,10.5,68,55,1,"Y",0,0,16.3,0.0339599719262646,778
"779",242405,"41_29",1,"RA",351,"ALRU","Red alder","RA",50,13.3,81,70,1,"Y",0,0,37.7,0.0339599719262646,779
"780",242405,"41_29",15,"DF",202,"PSME","Douglas-fir","DF",48,6.7,41,30,3,"Y",0,0,4.2,0.0339599719262646,780
"781",242405,"41_29",11,"DF",202,"PSME","Douglas-fir","DF",13,12.7,80,60,1,"Y",0,0,27.7,0.0339599719262646,781
"782",242405,"41_29",3,"DF",202,"PSME","Douglas-fir","DF",5,12.1,75,5,1,"Y",0,0,23.5,0.0339599719262646,782
"783",242405,"41_29",14,"DF",202,"PSME","Douglas-fir","DF",37,8,28,45,3,"Y",0,0,4.4,0.0339599719262646,783
"784",242405,"41_29",6,"WH",263,"TSHE","Western hemlock","WH",27,18.7,99,55,3,"Y",0,0,75.6,0.0339599719262646,784
"785",242405,"41_29",10,"RC",242,"THPL","Western redcedar","RC",19,12,37,80,3,"Y",0,0,14.2,0.0339599719262646,785
"786",242405,"41_29",1,"DF",202,"PSME","Douglas-fir","DF",,1,6,,,"Y",,,0,0.212249824539154,786
"787",242405,"41_29",7,"DF",202,"PSME","Douglas-fir","DF",35,11.4,66,65,1,"Y",0,0,18.2,0.0339599719262646,787
"788",242405,"41_29",9,"DF",202,"PSME","Douglas-fir","DF",31,19.5,90,70,1,"Y",0,0,66.3,0.0339599719262646,788
"789",242405,"41_29",13,"DF",202,"PSME","Douglas-fir","DF",33,13.3,84,60,1,"Y",0,0,31.8,0.0339599719262646,789
"790",242405,"41_29",5,"DF",202,"PSME","Douglas-fir","DF",24,9.5,52,55,1,"Y",0,0,10.1,0.0339599719262646,790
"791",242405,"41_29",4,"DF",202,"PSME","Douglas-fir","DF",11,6.7,53,60,1,"Y",0,0,5.4,0.0339599719262646,791
"792",242405,"41_29",20,"DF",202,"PSME","Douglas-fir","DF",50,7.6,41,70,1,"Y",0,0,5.3,0.0339599719262646,792
"793",242405,"41_29",12,"DF",202,"PSME","Douglas-fir","DF",1,9.5,29,55,1,"Y",0,0,6.3,0.0339599719262646,793
"794",242405,"41_29",2,"RC",242,"THPL","Western redcedar","RC",43,7.3,26,65,3,"Y",0,0,4.2,0.0339599719262646,794
"795",242405,"41_29",17,"DF",202,"PSME","Douglas-fir","DF",42,15.6,85,55,1,"Y",0,0,42.4,0.0339599719262646,795
"796",242405,"41_30",17,"DF",202,"PSME","Douglas-fir","DF",22,7,38,0,2,"N",2,0,4.2,0.0679790018527068,796
"797",242405,"41_30",20,"DF",202,"PSME","Douglas-fir","DF",10,12.6,92,25,1,"Y",0,0,32.5,0.0679790018527068,797
"798",242405,"41_30",14,"DF",202,"PSME","Douglas-fir","DF",33,9.5,79,35,1,"Y",0,0,16.4,0.0679790018527068,798
"799",242405,"41_30",1,"TO",631,"LIDE3","Tanoak","TO",,1,6,,,"Y",,,0,0.424868761579417,799
"800",242405,"41_30",1,"DF",202,"PSME","Douglas-fir","DF",50,15.7,103,50,1,"Y",0,0,54.5,0.0679790018527068,800
"801",242405,"41_30",22,"DF",202,"PSME","Douglas-fir","DF",7,13.2,78,35,1,"Y",0,0,28.7,0.0679790018527068,801
"802",242405,"41_30",7,"DF",202,"PSME","Douglas-fir","DF",1,9.6,75,60,1,"Y",0,0,15.7,0.0679790018527068,802
"803",242405,"41_30",23,"DF",202,"PSME","Douglas-fir","DF",16,6.9,36,0,2,"N",2,0,3.9,0.0679790018527068,803
"804",242405,"41_30",9,"DF",202,"PSME","Douglas-fir","DF",18,11.9,95,35,1,"Y",0,0,30.6,0.0679790018527068,804
"805",242405,"41_30",8,"DF",202,"PSME","Douglas-fir","DF",14,10.9,88,35,1,"Y",0,0,23.9,0.0679790018527068,805
"806",242405,"41_30",16,"DF",202,"PSME","Douglas-fir","DF",29,9.5,80,35,1,"Y",0,0,16.6,0.0679790018527068,806
"807",242405,"41_30",18,"DF",202,"PSME","Douglas-fir","DF",24,14.1,102,20,1,"Y",0,0,44.8,0.0679790018527068,807
"808",242405,"41_30",11,"GF",17,"ABGR","Grand fir","GF",30,18.8,87,40,3,"Y",0,0,86.3,0.0679790018527068,808
"809",242405,"41_30",25,"DF",202,"PSME","Douglas-fir","DF",21,6.9,67,40,3,"Y",0,0,7.5,0.0679790018527068,809
"810",242405,"41_30",13,"DF",202,"PSME","Douglas-fir","DF",29,10.8,76,35,1,"Y",0,0,19.6,0.0679790018527068,810
"811",242405,"41_30",24,"DF",202,"PSME","Douglas-fir","DF",18,7.9,72,30,1,"Y",0,0,10.5,0.0679790018527068,811
"812",242405,"41_30",19,"DF",202,"PSME","Douglas-fir","DF",14,13.8,87,30,1,"Y",0,0,35.4,0.0679790018527068,812
"813",242405,"41_30",3,"RA",351,"ALRU","Red alder","RA",52,14.5,81,40,1,"Y",0,0,44.8,0.0679790018527068,813
"814",242405,"41_30",6,"DF",202,"PSME","Douglas-fir","DF",28,15.8,98,50,1,"Y",0,0,51.8,0.0679790018527068,814
"815",242405,"41_30",4,"DF",202,"PSME","Douglas-fir","DF",53,6.5,46,0,3,"N",3,0,4.4,0.0679790018527068,815
"816",242405,"41_30",12,"DF",202,"PSME","Douglas-fir","DF",30,8.7,71,20,1,"Y",0,0,12.3,0.0679790018527068,816
"817",242405,"41_30",10,"DF",202,"PSME","Douglas-fir","DF",33,9,75,40,1,"Y",0,0,14,0.0679790018527068,817
"818",242405,"41_30",21,"DF",202,"PSME","Douglas-fir","DF",1,16.3,88,45,1,"Y",0,0,47.7,0.0679790018527068,818
"819",242405,"41_30",5,"DF",202,"PSME","Douglas-fir","DF",33,8.8,76,25,1,"Y",0,0,13.6,0.0679790018527068,819
"820",242405,"41_30",2,"DF",202,"PSME","Douglas-fir","DF",63,6.2,52,50,1,"Y",0,0,4.6,0.0679790018527068,820
"821",242405,"41_30",15,"DF",202,"PSME","Douglas-fir","DF",29,11.2,82,30,1,"Y",0,0,23,0.0679790018527068,821
"822",242405,"41_A01",28,"BM",312,"ACMA","Bigleaf maple","BM",18,6.6,49,40,1,"Y",0,0,6.4,0.747523503801549,822
"823",242405,"41_A01",12,"RA",351,"ALRU","Red alder","RA",59,11.4,44,40,1,"Y",0,0,20.4,0.747523503801549,823
"824",242405,"41_A01",24,"DF",202,"PSME","Douglas-fir","DF",75,8.6,55,60,1,"Y",0,0,9,0.747523503801549,824
"825",242405,"41_A01",20,"BM",312,"ACMA","Bigleaf maple","BM",86,6.4,31,25,1,"Y",0,0,4.6,0.747523503801549,825
"826",242405,"41_A01",31,"BM",312,"ACMA","Bigleaf maple","BM",7,6.5,44,40,1,"Y",0,0,5.8,0.747523503801549,826
"827",242405,"41_A01",4,"BM",312,"ACMA","Bigleaf maple","BM",16,8.3,65,40,1,"Y",0,0,12.5,0.747523503801549,827
"828",242405,"41_A01",25,"BM",312,"ACMA","Bigleaf maple","BM",23,6.8,42,45,1,"Y",0,0,6.2,0.747523503801549,828
"829",242405,"41_A01",33,"BM",312,"ACMA","Bigleaf maple","BM",7,5.7,53,40,1,"Y",0,0,4.8,0.747523503801549,829
"830",242405,"41_A01",1,"DF",202,"PSME","Douglas-fir","DF",22,11.1,44,45,3,"Y",0,0,11.5,0.747523503801549,830
"831",242405,"41_A01",42,"DF",202,"PSME","Douglas-fir","DF",91,13.1,81,55,1,"Y",0,0,29.6,0.747523503801549,831
"832",242405,"41_A01",2,"BM",312,"ACMA","Bigleaf maple","BM",11,6.6,53,35,1,"Y",0,0,6.7,0.747523503801549,832
"833",242405,"41_A01",16,"RA",351,"ALRU","Red alder","RA",76,8,47,30,1,"Y",0,0,10.4,0.747523503801549,833
"834",242405,"41_A01",19,"BM",312,"ACMA","Bigleaf maple","BM",85,7.6,40,30,1,"Y",0,0,7.8,0.747523503801549,834
"835",242405,"41_A01",11,"RA",351,"ALRU","Red alder","RA",55,10.2,33,0,2,"N",4,0,9.4,0.747523503801549,835
"836",242405,"41_A01",8,"BM",312,"ACMA","Bigleaf maple","BM",21,8.2,67,35,1,"Y",0,0,12.4,0.747523503801549,836
"837",242405,"41_A01",32,"BM",312,"ACMA","Bigleaf maple","BM",7,6.4,53,35,1,"Y",0,0,6.2,0.747523503801549,837
"838",242405,"41_A01",34,"BM",312,"ACMA","Bigleaf maple","BM",6,7.8,57,50,1,"Y",0,0,10.1,0.747523503801549,838
"839",242405,"41_A01",43,"DF",202,"PSME","Douglas-fir","DF",83,14.7,86,55,1,"Y",0,0,38.9,0.747523503801549,839
"840",242405,"41_A01",2,"BM",312,"ACMA","Bigleaf maple","BM",,3,29,,,"Y",,,0.8,4.67202189875968,840
"841",242405,"41_A01",17,"RA",351,"ALRU","Red alder","RA",76,9,52,35,1,"Y",0,0,13.7,0.747523503801549,841
"842",242405,"41_A01",6,"BM",312,"ACMA","Bigleaf maple","BM",19,8,68,30,1,"Y",0,0,11.8,0.747523503801549,842
"843",242405,"41_A01",1,"BM",312,"ACMA","Bigleaf maple","BM",,5,38,,,"Y",,,3,4.67202189875968,843
"844",242405,"41_A01",26,"BM",312,"ACMA","Bigleaf maple","BM",22,8.6,52,45,1,"Y",0,0,11.9,0.747523503801549,844
"845",242405,"41_A01",21,"BM",312,"ACMA","Bigleaf maple","BM",83,9,42,30,1,"Y",0,0,11.6,0.747523503801549,845
"846",242405,"41_A01",10,"RA",351,"ALRU","Red alder","RA",52,8.7,62,35,1,"Y",0,0,14,0.747523503801549,846
"847",242405,"41_A01",40,"DF",202,"PSME","Douglas-fir","DF",75,9.5,80,45,1,"Y",0,0,16.6,0.747523503801549,847
"848",242405,"41_A01",5,"BM",312,"ACMA","Bigleaf maple","BM",20,6.8,43,30,1,"Y",0,0,6.3,0.747523503801549,848
"849",242405,"41_A01",15,"RA",351,"ALRU","Red alder","RA",71,11.7,68,40,1,"Y",0,0,26.5,0.747523503801549,849
"850",242405,"41_A01",41,"DF",202,"PSME","Douglas-fir","DF",72,11.1,77,45,1,"Y",0,0,20.9,0.747523503801549,850
"851",242405,"41_A01",29,"BM",312,"ACMA","Bigleaf maple","BM",15,8.5,47,45,1,"Y",0,0,10.9,0.747523503801549,851
"852",242405,"41_A01",35,"DF",202,"PSME","Douglas-fir","DF",13,12.6,87,45,1,"Y",0,0,30.3,0.747523503801549,852
"853",242405,"41_A01",30,"BM",312,"ACMA","Bigleaf maple","BM",16,6.5,41,35,1,"Y",0,0,5.6,0.747523503801549,853
"854",242405,"41_A01",44,"DF",202,"PSME","Douglas-fir","DF",81,18.2,91,50,1,"Y",0,0,59.9,0.747523503801549,854
"855",242405,"41_A01",13,"RA",351,"ALRU","Red alder","RA",60,14.5,53,35,1,"Y",0,0,35.6,0.747523503801549,855
"856",242405,"41_A01",22,"BM",312,"ACMA","Bigleaf maple","BM",83,9.3,53,45,1,"Y",0,0,14.3,0.747523503801549,856
"857",242405,"41_A01",39,"DF",202,"PSME","Douglas-fir","DF",74,8.6,63,45,3,"Y",0,0,10.5,0.747523503801549,857
"858",242405,"41_A01",3,"BM",312,"ACMA","Bigleaf maple","BM",15,7.3,52,30,1,"Y",0,0,8.2,0.747523503801549,858
"859",242405,"41_A01",9,"BM",312,"ACMA","Bigleaf maple","BM",23,9,61,30,1,"Y",0,0,14.4,0.747523503801549,859
"860",242405,"41_A01",38,"DF",202,"PSME","Douglas-fir","DF",79,18.6,97,60,1,"Y",0,0,67.3,0.747523503801549,860
"861",242405,"41_A01",7,"BM",312,"ACMA","Bigleaf maple","BM",20,7.1,63,35,1,"Y",0,0,8.7,0.747523503801549,861
"862",242405,"41_A01",37,"DF",202,"PSME","Douglas-fir","DF",45,9.8,84,40,1,"Y",0,0,18.6,0.747523503801549,862
"863",242405,"41_A01",2,"BM",312,"ACMA","Bigleaf maple","BM",,3,29,,,"Y",,,0.8,4.67202189875968,863
"864",242405,"41_A01",18,"RA",351,"ALRU","Red alder","RA",76,7.5,43,30,1,"Y",0,0,8.8,0.747523503801549,864
"865",242405,"41_A01",14,"RA",351,"ALRU","Red alder","RA",68,7.6,38,30,1,"Y",0,0,8.6,0.747523503801549,865
"866",242405,"41_A01",23,"BM",312,"ACMA","Bigleaf maple","BM",86,6.8,43,55,1,"Y",0,0,6.3,0.747523503801549,866
"867",242405,"41_A01",36,"DF",202,"PSME","Douglas-fir","DF",22,6.1,56,35,1,"Y",0,0,4.9,0.747523503801549,867
"868",242405,"41_A01",2,"BM",312,"ACMA","Bigleaf maple","BM",,3,29,,,"Y",,,0.8,4.67202189875968,868
"869",242405,"41_A01",27,"BM",312,"ACMA","Bigleaf maple","BM",17,7.1,48,40,1,"Y",0,0,7.4,0.747523503801549,869
"870",242405,"42_01",19,"RA",351,"ALRU","Red alder","RA",21,17.5,111,50,1,"Y",0,0,79.2,0.0336177758049359,870
"871",242405,"42_01",15,"TO",631,"LIDE3","Tanoak","TO",14,6.7,59,65,1,"Y",0,0,8.1,0.0336177758049359,871
"872",242405,"42_01",10,"DF",202,"PSME","Douglas-fir","DF",28,15.9,110,55,1,"Y",0,0,60.4,0.0336177758049359,872
"873",242405,"42_01",5,"WH",263,"TSHE","Western hemlock","WH",37,18,101,70,1,"Y",0,0,72.5,0.0336177758049359,873
"874",242405,"42_01",8,"DF",202,"PSME","Douglas-fir","DF",35,12.2,106,50,1,"Y",0,0,36.1,0.0336177758049359,874
"875",242405,"42_01",1,"TO",631,"LIDE3","Tanoak","TO",13,6,29,50,1,"Y",0,0,3.5,0.0336177758049359,875
"876",242405,"42_01",14,"TO",631,"LIDE3","Tanoak","TO",12,7.5,14,65,2,"Y",0,0,2.9,0.0336177758049359,876
"877",242405,"42_01",1,"TO",631,"LIDE3","Tanoak","TO",,4,26,,,"Y",,,1.5,0.210111098780849,877
"878",242405,"42_01",6,"DF",202,"PSME","Douglas-fir","DF",37,14.1,118,25,1,"Y",0,0,52.5,0.0336177758049359,878
"879",242405,"42_01",3,"WH",263,"TSHE","Western hemlock","WH",,1,7,,,"Y",,,0,0.210111098780849,879
"880",242405,"42_01",11,"DF",202,"PSME","Douglas-fir","DF",26,15.5,106,70,1,"Y",0,0,55.3,0.0336177758049359,880
"881",242405,"42_01",1,"TO",631,"LIDE3","Tanoak","TO",,4,26,,,"Y",,,1.5,0.210111098780849,881
"882",242405,"42_01",12,"TO",631,"LIDE3","Tanoak","TO",20,8,48,75,1,"Y",0,0,9.5,0.0336177758049359,882
"883",242405,"42_01",3,"TO",631,"LIDE3","Tanoak","TO",13,16.1,58,70,1,"Y",0,0,43.6,0.0336177758049359,883
"884",242405,"42_01",2,"DF",202,"PSME","Douglas-fir","DF",,4,36,,,"Y",,,1.4,0.210111098780849,884
"885",242405,"42_01",9,"DF",202,"PSME","Douglas-fir","DF",30,6.1,36,0,1,"N",3,0,3.1,0.0336177758049359,885
"886",242405,"42_01",13,"TO",631,"LIDE3","Tanoak","TO",12,11.8,66,65,1,"Y",0,0,26.7,0.0336177758049359,886
"887",242405,"42_01",4,"DF",202,"PSME","Douglas-fir","DF",29,18.8,129,65,1,"Y",0,0,96,0.0336177758049359,887
"888",242405,"42_01",18,"RA",351,"ALRU","Red alder","RA",21,14.9,96,50,1,"Y",0,0,52.4,0.0336177758049359,888
"889",242405,"42_01",7,"DF",202,"PSME","Douglas-fir","DF",30,15,122,35,1,"Y",0,0,60.7,0.0336177758049359,889
"890",242405,"42_01",16,"TO",631,"LIDE3","Tanoak","TO",15,6.1,56,60,1,"Y",0,0,6.4,0.0336177758049359,890
"891",242405,"42_01",17,"DF",202,"PSME","Douglas-fir","DF",18,13.9,12,75,2,"N",4,0,7.1,0.0336177758049359,891
"892",242405,"42_01",2,"TO",631,"LIDE3","Tanoak","TO",14,8,59,45,1,"Y",0,0,11.4,0.0336177758049359,892
"893",242405,"42_11",1,"DF",202,"PSME","Douglas-fir","DF",30,6.3,33,75,3,"Y",0,0,3.1,0.0678306545912443,893
"894",242405,"42_11",3,"WH",263,"TSHE","Western hemlock","WH",11,5.8,36,80,1,"Y",0,0,2.8,0.0678306545912443,894
"895",242405,"42_11",15,"RA",351,"ALRU","Red alder","RA",87,8.3,49,35,1,"Y",0,0,11.4,0.0678306545912443,895
"896",242405,"42_11",5,"RA",351,"ALRU","Red alder","RA",3,10.2,56,60,1,"Y",0,0,18.2,0.0678306545912443,896
"897",242405,"42_11",6,"RA",351,"ALRU","Red alder","RA",4,10.3,52,50,1,"Y",0,0,17.9,0.0678306545912443,897
"898",242405,"42_11",3,"RA",351,"ALRU","Red alder","RA",,1,18,,,"Y",,,0,0.423941591195277,898
"899",242405,"42_11",13,"RA",351,"ALRU","Red alder","RA",83,11.8,55,65,1,"Y",0,0,24,0.0678306545912443,899
"900",242405,"42_11",16,"RC",242,"THPL","Western redcedar","RC",71,27.4,87,65,1,"Y",0,0,104.9,0.0678306545912443,900
"901",242405,"42_11",10,"WH",263,"TSHE","Western hemlock","WH",34,5.9,36,70,1,"Y",0,0,2.8,0.0678306545912443,901
"902",242405,"42_11",2,"WH",263,"TSHE","Western hemlock","WH",,2,16,,,"Y",,,0.2,0.423941591195277,902
"903",242405,"42_11",9,"WH",263,"TSHE","Western hemlock","WH",11,9.2,34,75,1,"Y",0,0,6.5,0.0678306545912443,903
"904",242405,"42_11",4,"RA",351,"ALRU","Red alder","RA",,3,24,,,"Y",,,0.6,0.423941591195277,904
"905",242405,"42_11",5,"DF",202,"PSME","Douglas-fir","DF",,1,12,,,"Y",,,0.1,0.423941591195277,905
"906",242405,"42_11",14,"RA",351,"ALRU","Red alder","RA",90,10.4,50,45,1,"Y",0,0,17.9,0.0678306545912443,906
"907",242405,"42_11",1,"WH",263,"TSHE","Western hemlock","WH",,5,25,,,"Y",,,1.5,0.423941591195277,907
"908",242405,"42_11",17,"BM",312,"ACMA","Bigleaf maple","BM",64,21.1,76,60,1,"Y",0,0,108.7,0.0678306545912443,908
"909",242405,"42_11",2,"WH",263,"TSHE","Western hemlock","WH",15,10.4,54,85,1,"Y",0,0,13,0.0678306545912443,909
"910",242405,"42_11",11,"WH",263,"TSHE","Western hemlock","WH",45,10.8,52,80,1,"Y",0,0,13.3,0.0678306545912443,910
"911",242405,"42_11",7,"RA",351,"ALRU","Red alder","RA",4,8.5,54,45,1,"Y",0,0,12.5,0.0678306545912443,911
"912",242405,"42_11",8,"DF",202,"PSME","Douglas-fir","DF",42,8.4,36,85,1,"Y",0,0,5.7,0.0678306545912443,912
"913",242405,"42_11",12,"WH",263,"TSHE","Western hemlock","WH",69,9.5,39,75,1,"Y",0,0,7.8,0.0678306545912443,913
"914",242405,"42_11",4,"WH",263,"TSHE","Western hemlock","WH",38,8.6,40,75,1,"Y",0,0,6.5,0.0678306545912443,914
"915",242405,"42_16",6,"DF",202,"PSME","Douglas-fir","DF",14,12.6,91,30,1,"Y",0,0,32.1,0.612744061464558,915
"916",242405,"42_16",44,"DF",202,"PSME","Douglas-fir","DF",13,11.4,104,25,1,"Y",0,0,31.3,0.612744061464558,916
"917",242405,"42_16",49,"DF",202,"PSME","Douglas-fir","DF",28,11.7,93,40,1,"Y",0,0,28.9,0.612744061464558,917
"918",242405,"42_16",25,"DF",202,"PSME","Douglas-fir","DF",43,7.9,93,15,1,"Y",0,0,14.3,0.612744061464558,918
"919",242405,"42_16",15,"DF",202,"PSME","Douglas-fir","DF",7,9.4,89,20,1,"Y",0,0,18.5,0.612744061464558,919
"920",242405,"42_16",17,"DF",202,"PSME","Douglas-fir","DF",19,6.4,79,20,1,"Y",0,0,8,0.612744061464558,920
"921",242405,"42_16",43,"WH",263,"TSHE","Western hemlock","WH",15,7.2,83,20,1,"Y",0,0,11.1,0.612744061464558,921
"922",242405,"42_16",16,"DF",202,"PSME","Douglas-fir","DF",9,9.9,75,35,1,"Y",0,0,16.6,0.612744061464558,922
"923",242405,"42_16",42,"DF",202,"PSME","Douglas-fir","DF",12,5.7,72,15,1,"Y",0,0,5.8,0.612744061464558,923
"924",242405,"42_16",33,"DF",202,"PSME","Douglas-fir","DF",30,10.6,95,20,1,"Y",0,0,24.8,0.612744061464558,924
"925",242405,"42_16",1,"DF",202,"PSME","Douglas-fir","DF",38,11.9,65,20,3,"Y",0,0,19.3,0.612744061464558,925
"926",242405,"42_16",46,"DF",202,"PSME","Douglas-fir","DF",1,10,95,25,1,"Y",0,0,22.3,0.612744061464558,926
"927",242405,"42_16",51,"DF",202,"PSME","Douglas-fir","DF",30,11.5,93,45,1,"Y",0,0,28,0.612744061464558,927
"928",242405,"42_16",29,"DF",202,"PSME","Douglas-fir","DF",33,6.3,72,15,1,"Y",0,0,6.9,0.612744061464558,928
"929",242405,"42_16",30,"DF",202,"PSME","Douglas-fir","DF",36,7.6,82,15,1,"Y",0,0,11.4,0.612744061464558,929
"930",242405,"42_16",3,"DF",202,"PSME","Douglas-fir","DF",37,9.2,64,35,1,"Y",0,0,12,0.612744061464558,930
"931",242405,"42_16",4,"DF",202,"PSME","Douglas-fir","DF",36,11.2,82,35,1,"Y",0,0,23,0.612744061464558,931
"932",242405,"42_16",24,"DF",202,"PSME","Douglas-fir","DF",45,8.3,88,20,1,"Y",0,0,14.6,0.612744061464558,932
"933",242405,"42_16",40,"DF",202,"PSME","Douglas-fir","DF",5,8,93,15,1,"Y",0,0,14.6,0.612744061464558,933
"934",242405,"42_16",10,"DF",202,"PSME","Douglas-fir","DF",23,13.2,90,50,1,"Y",0,0,34.3,0.612744061464558,934
"935",242405,"42_16",8,"WH",263,"TSHE","Western hemlock","WH",54,7.2,26,40,1,"Y",0,0,3.3,0.612744061464558,935
"936",242405,"42_16",32,"DF",202,"PSME","Douglas-fir","DF",57,7.4,89,20,1,"Y",0,0,12.1,0.612744061464558,936
"937",242405,"42_16",50,"DF",202,"PSME","Douglas-fir","DF",28,6.8,54,40,1,"Y",0,0,5.7,0.612744061464558,937
"938",242405,"42_16",1,"WH",263,"TSHE","Western hemlock","WH",,1,8,,,"Y",,,0,3.82965038415349,938
"939",242405,"42_16",13,"DF",202,"PSME","Douglas-fir","DF",14,11.7,96,20,1,"Y",0,0,30,0.612744061464558,939
"940",242405,"42_16",35,"DF",202,"PSME","Douglas-fir","DF",8,5.9,68,20,1,"Y",0,0,5.7,0.612744061464558,940
"941",242405,"42_16",34,"DF",202,"PSME","Douglas-fir","DF",20,9.4,100,25,1,"Y",0,0,21.2,0.612744061464558,941
"942",242405,"42_16",20,"DF",202,"PSME","Douglas-fir","DF",35,9,91,15,1,"Y",0,0,17.6,0.612744061464558,942
"943",242405,"42_16",5,"DF",202,"PSME","Douglas-fir","DF",49,8.1,43,35,1,"Y",0,0,6.2,0.612744061464558,943
"944",242405,"42_16",2,"DF",202,"PSME","Douglas-fir","DF",,1,15,,,"Y",,,0.1,3.82965038415349,944
"945",242405,"42_16",45,"DF",202,"PSME","Douglas-fir","DF",15,7.8,78,20,1,"Y",0,0,11.3,0.612744061464558,945
"946",242405,"42_16",47,"DF",202,"PSME","Douglas-fir","DF",7,6.8,46,0,2,"N",2,0,4.8,0.612744061464558,946
"947",242405,"42_16",2,"DF",202,"PSME","Douglas-fir","DF",37,5.5,51,15,1,"Y",0,0,3.6,0.612744061464558,947
"948",242405,"42_16",14,"DF",202,"PSME","Douglas-fir","DF",4,6.7,78,15,1,"Y",0,0,8.6,0.612744061464558,948
"949",242405,"42_16",2,"DF",202,"PSME","Douglas-fir","DF",,1,15,,,"Y",,,0.1,3.82965038415349,949
"950",242405,"42_16",11,"DF",202,"PSME","Douglas-fir","DF",22,7.8,57,35,1,"Y",0,0,7.8,0.612744061464558,950
"951",242405,"42_16",18,"DF",202,"PSME","Douglas-fir","DF",19,5.9,71,15,1,"Y",0,0,6.1,0.612744061464558,951
"952",242405,"42_16",52,"DF",202,"PSME","Douglas-fir","DF",28,9.4,59,40,3,"Y",0,0,11.4,0.612744061464558,952
"953",242405,"42_16",36,"DF",202,"PSME","Douglas-fir","DF",38,10.2,96,20,1,"Y",0,0,23.4,0.612744061464558,953
"954",242405,"42_16",28,"DF",202,"PSME","Douglas-fir","DF",32,6.3,75,15,1,"Y",0,0,7.3,0.612744061464558,954
"955",242405,"42_16",27,"WH",263,"TSHE","Western hemlock","WH",32,8.1,83,20,1,"Y",0,0,13.9,0.612744061464558,955
"956",242405,"42_16",9,"WH",263,"TSHE","Western hemlock","WH",32,9.4,57,40,1,"Y",0,0,11.6,0.612744061464558,956
"957",242405,"42_16",22,"DF",202,"PSME","Douglas-fir","DF",41,11.9,99,20,1,"Y",0,0,32,0.612744061464558,957
"958",242405,"42_16",19,"DF",202,"PSME","Douglas-fir","DF",29,6.2,76,10,1,"Y",0,0,7.2,0.612744061464558,958
"959",242405,"42_16",39,"DF",202,"PSME","Douglas-fir","DF",6,6.7,82,15,1,"Y",0,0,9.1,0.612744061464558,959
"960",242405,"42_16",26,"DF",202,"PSME","Douglas-fir","DF",39,7.1,81,15,1,"Y",0,0,10,0.612744061464558,960
"961",242405,"42_16",21,"DF",202,"PSME","Douglas-fir","DF",37,10.6,95,25,1,"Y",0,0,24.8,0.612744061464558,961
"962",242405,"42_16",23,"DF",202,"PSME","Douglas-fir","DF",45,8.1,79,15,1,"Y",0,0,12.3,0.612744061464558,962
"963",242405,"42_16",7,"DF",202,"PSME","Douglas-fir","DF",31,10.4,85,35,1,"Y",0,0,21.1,0.612744061464558,963
"964",242405,"42_16",41,"DF",202,"PSME","Douglas-fir","DF",6,6.6,88,15,1,"Y",0,0,9.7,0.612744061464558,964
"965",242405,"42_16",37,"DF",202,"PSME","Douglas-fir","DF",6,11.2,104,20,1,"Y",0,0,30.3,0.612744061464558,965
"966",242405,"42_16",48,"DF",202,"PSME","Douglas-fir","DF",14,7.8,78,15,1,"Y",0,0,11.3,0.612744061464558,966
"967",242405,"42_16",12,"DF",202,"PSME","Douglas-fir","DF",7,7.1,69,35,1,"Y",0,0,8.2,0.612744061464558,967
"968",242405,"42_16",38,"DF",202,"PSME","Douglas-fir","DF",1,6.6,75,20,1,"Y",0,0,8,0.612744061464558,968
"969",242405,"42_16",31,"WH",263,"TSHE","Western hemlock","WH",19,7.6,86,25,1,"Y",0,0,12.8,0.612744061464558,969
"970",242405,"42_20",2,"BM",312,"ACMA","Bigleaf maple","BM",94,6,26,50,1,"Y",0,0,3.6,0.0678294768986446,970
"971",242405,"42_20",4,"DF",202,"PSME","Douglas-fir","DF",37,17.1,95,85,1,"Y",0,0,56.9,0.0678294768986446,971
"972",242405,"42_20",3,"DF",202,"PSME","Douglas-fir","DF",95,7.8,45,75,1,"Y",0,0,6.1,0.0678294768986446,972
"973",242405,"42_20",1,"BM",312,"ACMA","Bigleaf maple","BM",94,7.4,34,35,1,"Y",0,0,6.7,0.0678294768986446,973
"974",242405,"42_20",6,"BM",312,"ACMA","Bigleaf maple","BM",50,6,41,40,1,"Y",0,0,4.6,0.0678294768986446,974
"975",242405,"42_20",5,"DF",202,"PSME","Douglas-fir","DF",67,10.3,83,30,1,"Y",0,0,20.1,0.0678294768986446,975
"976",242405,"42_A04",3,"RC",242,"THPL","Western redcedar","RC",15,17.4,77,75,1,"Y",0,0,42.2,0.0675133256620549,976
"977",242405,"42_A04",2,"WH",263,"TSHE","Western hemlock","WH",,1,9,,,"Y",,,0.1,0.421958285387843,977
"978",242405,"42_A04",25,"DF",202,"PSME","Douglas-fir","DF",5,10.4,78,35,1,"Y",0,0,19,0.0675133256620549,978
"979",242405,"42_A04",12,"DF",202,"PSME","Douglas-fir","DF",0,10.5,90,40,2,"N",4,0,22.9,0.0675133256620549,979
"980",242405,"42_A04",5,"DF",202,"PSME","Douglas-fir","DF",7,13.3,86,45,1,"Y",0,0,32.8,0.0675133256620549,980
"981",242405,"42_A04",2,"WH",263,"TSHE","Western hemlock","WH",,1,9,,,"Y",,,0.1,0.421958285387843,981
"982",242405,"42_A04",23,"DF",202,"PSME","Douglas-fir","DF",11,12.3,97,30,1,"Y",0,0,33.2,0.0675133256620549,982
"983",242405,"42_A04",20,"DF",202,"PSME","Douglas-fir","DF",12,8.7,73,25,1,"Y",0,0,12.7,0.0675133256620549,983
"984",242405,"42_A04",9,"DF",202,"PSME","Douglas-fir","DF",1,14.9,93,45,1,"Y",0,0,43.9,0.0675133256620549,984
"985",242405,"42_A04",22,"DF",202,"PSME","Douglas-fir","DF",9,15.8,95,30,1,"Y",0,0,49.8,0.0675133256620549,985
"986",242405,"42_A04",21,"DF",202,"PSME","Douglas-fir","DF",10,12.1,91,35,1,"Y",0,0,29.9,0.0675133256620549,986
"987",242405,"42_A04",1,"WH",263,"TSHE","Western hemlock","WH",,3,25,,,"Y",,,0.5,0.421958285387843,987
"988",242405,"42_A04",2,"WH",263,"TSHE","Western hemlock","WH",5,8.7,64,80,1,"Y",0,0,11.7,0.0675133256620549,988
"989",242405,"42_A04",14,"DF",202,"PSME","Douglas-fir","DF",3,13.2,69,45,1,"Y",0,0,24.8,0.0675133256620549,989
"990",242405,"42_A04",17,"DF",202,"PSME","Douglas-fir","DF",3,11,87,35,1,"Y",0,0,23.9,0.0675133256620549,990
"991",242405,"42_A04",4,"DF",202,"PSME","Douglas-fir","DF",7,41.3,160,50,1,"Y",0,0,449.4,0.0675133256620549,991
"992",242405,"42_A04",18,"DF",202,"PSME","Douglas-fir","DF",11,10.3,83,30,1,"Y",0,0,20.1,0.0675133256620549,992
"993",242405,"42_A04",10,"DF",202,"PSME","Douglas-fir","DF",0,17.3,97,65,1,"Y",0,0,59.6,0.0675133256620549,993
"994",242405,"42_A04",26,"DF",202,"PSME","Douglas-fir","DF",8,13.5,96,45,1,"Y",0,0,38.6,0.0675133256620549,994
"995",242405,"42_A04",11,"WH",263,"TSHE","Western hemlock","WH",1,10.2,90,80,1,"Y",0,0,23.3,0.0675133256620549,995
"996",242405,"42_A04",8,"DF",202,"PSME","Douglas-fir","DF",13,5.8,31,0,2,"N",2,0,2.5,0.0675133256620549,996
"997",242405,"42_A04",3,"WH",263,"TSHE","Western hemlock","WH",,2,15,,,"Y",,,0.2,0.421958285387843,997
"998",242405,"42_A04",15,"DF",202,"PSME","Douglas-fir","DF",9,11.1,90,45,1,"Y",0,0,25.3,0.0675133256620549,998
"999",242405,"42_A04",19,"DF",202,"PSME","Douglas-fir","DF",11,16,104,35,1,"Y",0,0,57,0.0675133256620549,999
"1000",242405,"42_A04",2,"WH",263,"TSHE","Western hemlock","WH",,1,9,,,"Y",,,0.1,0.421958285387843,1000
"1001",242405,"42_A04",7,"DF",202,"PSME","Douglas-fir","DF",3,12.8,90,40,1,"Y",0,0,32.5,0.0675133256620549,1001
"1002",242405,"42_A04",16,"DF",202,"PSME","Douglas-fir","DF",4,10.2,85,35,1,"Y",0,0,20.3,0.0675133256620549,1002
"1003",242405,"42_A04",6,"DF",202,"PSME","Douglas-fir","DF",4,8.5,69,40,1,"Y",0,0,11.4,0.0675133256620549,1003
"1004",242405,"42_A04",24,"DF",202,"PSME","Douglas-fir","DF",14,12.9,90,40,1,"Y",0,0,32.9,0.0675133256620549,1004
"1005",242405,"42_A04",1,"DF",202,"PSME","Douglas-fir","DF",1,10.4,90,35,1,"Y",0,0,22.5,0.0675133256620549,1005
"1006",242405,"42_A04",13,"DF",202,"PSME","Douglas-fir","DF",3,17.4,75,0,2,"N",4,0,44,0.0675133256620549,1006
"1007",242405,"43_01",3,"DF",202,"PSME","Douglas-fir","DF",23,5.8,38,55,1,"Y",0,0,2.9,0.643993511882545,1007
"1008",242405,"43_01",6,"WH",263,"TSHE","Western hemlock","WH",35,19.5,95,75,1,"Y",0,0,77.2,0.643993511882545,1008
"1009",242405,"43_01",8,"DF",202,"PSME","Douglas-fir","DF",76,6.6,51,75,1,"Y",0,0,5.1,0.643993511882545,1009
"1010",242405,"43_01",1,"BM",312,"ACMA","Bigleaf maple","BM",1,26.6,94,55,1,"Y",0,0,205.7,0.643993511882545,1010
"1011",242405,"43_01",13,"WH",263,"TSHE","Western hemlock","WH",45,7.3,69,40,1,"Y",0,0,9.3,0.643993511882545,1011
"1012",242405,"43_01",9,"DF",202,"PSME","Douglas-fir","DF",78,42.8,181,50,1,"Y",0,0,551.6,0.643993511882545,1012
"1013",242405,"43_01",4,"WH",263,"TSHE","Western hemlock","WH",15,23.3,110,85,1,"Y",0,0,123.6,0.643993511882545,1013
"1014",242405,"43_01",7,"WH",263,"TSHE","Western hemlock","WH",8,22.5,96,85,1,"Y",0,0,99.3,0.643993511882545,1014
"1015",242405,"43_01",10,"WH",263,"TSHE","Western hemlock","WH",77,8.6,67,55,1,"Y",0,0,12.1,0.643993511882545,1015
"1016",242405,"43_01",11,"WH",263,"TSHE","Western hemlock","WH",79,9.6,71,40,1,"Y",0,0,15.9,0.643993511882545,1016
"1017",242405,"43_01",12,"WH",263,"TSHE","Western hemlock","WH",66,7.6,65,65,1,"Y",0,0,9.3,0.643993511882545,1017
"1018",242405,"43_01",5,"WH",263,"TSHE","Western hemlock","WH",13,8,38,80,1,"Y",0,0,5.4,0.643993511882545,1018
"1019",242405,"43_01",2,"RA",351,"ALRU","Red alder","RA",5,12.8,77,45,1,"Y",0,0,33.9,0.643993511882545,1019
"1020",242405,"51_04",11,"DF",202,"PSME","Douglas-fir","DF",20,9.9,95,20,1,"Y",0,0,21.9,0.203799697376097,1020
"1021",242405,"51_04",8,"DF",202,"PSME","Douglas-fir","DF",34,7.2,83,25,1,"Y",0,0,10.5,0.203799697376097,1021
"1022",242405,"51_04",23,"DF",202,"PSME","Douglas-fir","DF",30,8.9,89,15,1,"Y",0,0,16.8,0.203799697376097,1022
"1023",242405,"51_04",22,"DF",202,"PSME","Douglas-fir","DF",21,7.1,83,15,1,"Y",0,0,10.3,0.203799697376097,1023
"1024",242405,"51_04",17,"DF",202,"PSME","Douglas-fir","DF",13,8,83,5,1,"Y",0,0,12.7,0.203799697376097,1024
"1025",242405,"51_04",12,"DF",202,"PSME","Douglas-fir","DF",17,15.8,106,25,1,"Y",0,0,57.1,0.203799697376097,1025
"1026",242405,"51_04",14,"DF",202,"PSME","Douglas-fir","DF",8,18.9,101,35,1,"Y",0,0,72.7,0.203799697376097,1026
"1027",242405,"51_04",1,"DF",202,"PSME","Douglas-fir","DF",5,18.9,115,40,1,"Y",0,0,85.6,0.203799697376097,1027
"1028",242405,"51_04",10,"DF",202,"PSME","Douglas-fir","DF",22,17.2,112,40,3,"Y",0,0,70.6,0.203799697376097,1028
"1029",242405,"51_04",24,"DF",202,"PSME","Douglas-fir","DF",24,12.5,78,0,1,"N",2,0,26.1,0.203799697376097,1029
"1030",242405,"51_04",15,"DF",202,"PSME","Douglas-fir","DF",3,17.5,117,35,1,"Y",0,0,76.6,0.203799697376097,1030
"1031",242405,"51_04",4,"DF",202,"PSME","Douglas-fir","DF",13,7.5,76,0,1,"N",2,0,10.2,0.203799697376097,1031
"1032",242405,"51_04",21,"DF",202,"PSME","Douglas-fir","DF",30,15.3,118,25,1,"Y",0,0,60.8,0.203799697376097,1032
"1033",242405,"51_04",2,"DF",202,"PSME","Douglas-fir","DF",8,15.6,112,30,1,"Y",0,0,59.6,0.203799697376097,1033
"1034",242405,"51_04",16,"DF",202,"PSME","Douglas-fir","DF",10,15,106,35,1,"Y",0,0,52.2,0.203799697376097,1034
"1035",242405,"51_04",18,"DF",202,"PSME","Douglas-fir","DF",16,11.3,97,5,1,"Y",0,0,28.5,0.203799697376097,1035
"1036",242405,"51_04",20,"DF",202,"PSME","Douglas-fir","DF",25,11.7,98,25,1,"Y",0,0,30.7,0.203799697376097,1036
"1037",242405,"51_04",6,"DF",202,"PSME","Douglas-fir","DF",34,14.2,93,25,1,"Y",0,0,40.4,0.203799697376097,1037
"1038",242405,"51_04",25,"DF",202,"PSME","Douglas-fir","DF",22,15,111,25,1,"Y",0,0,55.1,0.203799697376097,1038
"1039",242405,"51_04",9,"DF",202,"PSME","Douglas-fir","DF",23,14.6,106,30,1,"Y",0,0,49.8,0.203799697376097,1039
"1040",242405,"51_04",7,"DF",202,"PSME","Douglas-fir","DF",24,13.9,107,40,1,"Y",0,0,46.2,0.203799697376097,1040
"1041",242405,"51_04",3,"DF",202,"PSME","Douglas-fir","DF",13,12.8,93,30,1,"Y",0,0,33.9,0.203799697376097,1041
"1042",242405,"51_04",5,"DF",202,"PSME","Douglas-fir","DF",20,17,117,35,1,"Y",0,0,72.8,0.203799697376097,1042
"1043",242405,"51_04",26,"DF",202,"PSME","Douglas-fir","DF",25,13.7,93,25,1,"Y",0,0,38,0.203799697376097,1043
"1044",242405,"51_04",13,"DF",202,"PSME","Douglas-fir","DF",22,13.8,96,15,1,"Y",0,0,40.1,0.203799697376097,1044
"1045",242405,"51_04",19,"DF",202,"PSME","Douglas-fir","DF",19,18.9,115,30,1,"Y",0,0,85.6,0.203799697376097,1045
"1046",242405,"51_04",27,"DF",202,"PSME","Douglas-fir","DF",17,15.5,110,35,1,"Y",0,0,57.8,0.203799697376097,1046
"1047",242405,"51_11",45,"DF",202,"PSME","Douglas-fir","DF",26,18.4,138,30,1,"Y",0,0,98.5,0.0676302789830218,1047
"1048",242405,"51_11",49,"DF",202,"PSME","Douglas-fir","DF",38,12.9,110,30,1,"Y",0,0,41.6,0.0676302789830218,1048
"1049",242405,"51_11",34,"DF",202,"PSME","Douglas-fir","DF",26,10.8,96,30,1,"Y",0,0,25.9,0.0676302789830218,1049
"1050",242405,"51_11",51,"DF",202,"PSME","Douglas-fir","DF",44,11.7,106,30,1,"Y",0,0,33.5,0.0676302789830218,1050
"1051",242405,"51_11",23,"DF",202,"PSME","Douglas-fir","DF",34,9.3,77,10,1,"Y",0,0,15.3,0.0676302789830218,1051
"1052",242405,"51_11",17,"WH",263,"TSHE","Western hemlock","WH",16,7.5,71,30,1,"Y",0,0,10.1,0.0676302789830218,1052
"1053",242405,"51_11",41,"DF",202,"PSME","Douglas-fir","DF",10,8.4,90,30,1,"Y",0,0,15.3,0.0676302789830218,1053
"1054",242405,"51_11",13,"DF",202,"PSME","Douglas-fir","DF",12,8.8,90,30,1,"Y",0,0,16.7,0.0676302789830218,1054
"1055",242405,"51_11",55,"DF",202,"PSME","Douglas-fir","DF",40,12.9,92,30,1,"Y",0,0,33.9,0.0676302789830218,1055
"1056",242405,"51_11",28,"DF",202,"PSME","Douglas-fir","DF",42,6.5,66,0,2,"N",1,0,6.6,0.0676302789830218,1056
"1057",242405,"51_11",4,"DF",202,"PSME","Douglas-fir","DF",42,9.9,111,15,1,"Y",0,0,26.4,0.0676302789830218,1057
"1058",242405,"51_11",53,"DF",202,"PSME","Douglas-fir","DF",47,7.3,83,15,1,"Y",0,0,10.8,0.0676302789830218,1058
"1059",242405,"51_11",7,"DF",202,"PSME","Douglas-fir","DF",35,11.6,101,30,1,"Y",0,0,31.3,0.0676302789830218,1059
"1060",242405,"51_11",20,"DF",202,"PSME","Douglas-fir","DF",10,6.1,54,0,2,"N",2,0,4.7,0.0676302789830218,1060
"1061",242405,"51_11",10,"WH",263,"TSHE","Western hemlock","WH",18,9.7,17,30,2,"N",1,0,5,0.0676302789830218,1061
"1062",242405,"51_11",43,"DF",202,"PSME","Douglas-fir","DF",11,9.4,92,30,1,"Y",0,0,19.2,0.0676302789830218,1062
"1063",242405,"51_11",40,"DF",202,"PSME","Douglas-fir","DF",9,7.5,87,30,1,"Y",0,0,12,0.0676302789830218,1063
"1064",242405,"51_11",52,"DF",202,"PSME","Douglas-fir","DF",49,14.4,104,25,1,"Y",0,0,47.6,0.0676302789830218,1064
"1065",242405,"51_11",3,"DF",202,"PSME","Douglas-fir","DF",44,7.1,80,15,1,"Y",0,0,9.8,0.0676302789830218,1065
"1066",242405,"51_11",33,"DF",202,"PSME","Douglas-fir","DF",25,11,105,30,1,"Y",0,0,29.7,0.0676302789830218,1066
"1067",242405,"51_11",11,"DF",202,"PSME","Douglas-fir","DF",25,12,107,30,1,"Y",0,0,35.4,0.0676302789830218,1067
"1068",242405,"51_11",35,"DF",202,"PSME","Douglas-fir","DF",24,5.7,54,0,1,"N",2,0,4.1,0.0676302789830218,1068
"1069",242405,"51_11",14,"DF",202,"PSME","Douglas-fir","DF",16,10.6,103,30,1,"Y",0,0,27.2,0.0676302789830218,1069
"1070",242405,"51_11",31,"DF",202,"PSME","Douglas-fir","DF",41,9.8,93,30,1,"Y",0,0,21,0.0676302789830218,1070
"1071",242405,"51_11",56,"DF",202,"PSME","Douglas-fir","DF",48,13,108,30,1,"Y",0,0,41.3,0.0676302789830218,1071
"1072",242405,"51_11",24,"DF",202,"PSME","Douglas-fir","DF",35,11.3,100,30,1,"Y",0,0,29.5,0.0676302789830218,1072
"1073",242405,"51_11",21,"DF",202,"PSME","Douglas-fir","DF",15,16.2,115,30,1,"Y",0,0,65.6,0.0676302789830218,1073
"1074",242405,"51_11",47,"DF",202,"PSME","Douglas-fir","DF",30,5.7,80,10,1,"Y",0,0,6.6,0.0676302789830218,1074
"1075",242405,"51_11",42,"DF",202,"PSME","Douglas-fir","DF",15,6.9,78,0,1,"N",1,0,9,0.0676302789830218,1075
"1076",242405,"51_11",26,"RA",351,"ALRU","Red alder","RA",45,6.5,55,15,1,"Y",0,0,7.4,0.0676302789830218,1076
"1077",242405,"51_11",54,"DF",202,"PSME","Douglas-fir","DF",26,11.4,106,30,1,"Y",0,0,32,0.0676302789830218,1077
"1078",242405,"51_11",12,"DF",202,"PSME","Douglas-fir","DF",19,8.8,91,30,1,"Y",0,0,16.9,0.0676302789830218,1078
"1079",242405,"51_11",15,"DF",202,"PSME","Douglas-fir","DF",1,11.3,98,30,1,"Y",0,0,28.8,0.0676302789830218,1079
"1080",242405,"51_11",6,"DF",202,"PSME","Douglas-fir","DF",41,7,89,20,1,"Y",0,0,10.9,0.0676302789830218,1080
"1081",242405,"51_11",37,"DF",202,"PSME","Douglas-fir","DF",4,8.5,81,30,1,"Y",0,0,13.8,0.0676302789830218,1081
"1082",242405,"51_11",1,"DF",202,"PSME","Douglas-fir","DF",49,8.8,104,20,1,"Y",0,0,19.8,0.0676302789830218,1082
"1083",242405,"51_11",16,"DF",202,"PSME","Douglas-fir","DF",1,8.1,93,30,1,"Y",0,0,15,0.0676302789830218,1083
"1084",242405,"51_11",30,"DF",202,"PSME","Douglas-fir","DF",46,11.4,98,30,1,"Y",0,0,29.3,0.0676302789830218,1084
"1085",242405,"51_11",25,"DF",202,"PSME","Douglas-fir","DF",44,12.3,100,30,1,"Y",0,0,34.4,0.0676302789830218,1085
"1086",242405,"51_11",9,"DF",202,"PSME","Douglas-fir","DF",31,10.8,98,30,1,"Y",0,0,26.6,0.0676302789830218,1086
"1087",242405,"51_11",32,"DF",202,"PSME","Douglas-fir","DF",39,5.9,68,10,1,"Y",0,0,5.7,0.0676302789830218,1087
"1088",242405,"51_11",27,"DF",202,"PSME","Douglas-fir","DF",45,8.2,82,0,2,"N",1,0,13.1,0.0676302789830218,1088
"1089",242405,"51_11",18,"DF",202,"PSME","Douglas-fir","DF",3,10.5,92,30,1,"Y",0,0,23.5,0.0676302789830218,1089
"1090",242405,"51_11",36,"DF",202,"PSME","Douglas-fir","DF",17,7.7,94,30,1,"Y",0,0,13.9,0.0676302789830218,1090
"1091",242405,"51_11",48,"DF",202,"PSME","Douglas-fir","DF",38,6.8,11,0,2,"N",2,0,1.7,0.0676302789830218,1091
"1092",242405,"51_11",38,"DF",202,"PSME","Douglas-fir","DF",19,13.9,107,30,1,"Y",0,0,46.2,0.0676302789830218,1092
"1093",242405,"51_11",39,"DF",202,"PSME","Douglas-fir","DF",3,13.6,112,30,1,"Y",0,0,46.6,0.0676302789830218,1093
"1094",242405,"51_11",46,"RA",351,"ALRU","Red alder","RA",27,7,56,30,1,"Y",0,0,8.6,0.0676302789830218,1094
"1095",242405,"51_11",19,"WH",263,"TSHE","Western hemlock","WH",19,15.8,109,30,1,"Y",0,0,63.2,0.0676302789830218,1095
"1096",242405,"51_11",44,"DF",202,"PSME","Douglas-fir","DF",22,10,99,30,1,"Y",0,0,23.4,0.0676302789830218,1096
"1097",242405,"51_11",22,"DF",202,"PSME","Douglas-fir","DF",17,9,90,30,1,"Y",0,0,17.3,0.0676302789830218,1097
"1098",242405,"51_11",50,"DF",202,"PSME","Douglas-fir","DF",43,11.3,100,30,1,"Y",0,0,29.5,0.0676302789830218,1098
"1099",242405,"51_11",8,"DF",202,"PSME","Douglas-fir","DF",34,9,91,30,1,"Y",0,0,17.6,0.0676302789830218,1099
"1100",242405,"51_11",5,"DF",202,"PSME","Douglas-fir","DF",39,8.8,92,30,1,"Y",0,0,17.1,0.0676302789830218,1100
"1101",242405,"51_11",29,"DF",202,"PSME","Douglas-fir","DF",42,8.2,80,20,1,"Y",0,0,12.7,0.0676302789830218,1101
"1102",242405,"51_11",2,"DF",202,"PSME","Douglas-fir","DF",46,6.7,82,20,1,"Y",0,0,9.1,0.0676302789830218,1102
"1103",242405,"52_10",10,"RA",351,"ALRU","Red alder","RA",61,24.5,112,40,1,"Y",0,0,155.9,0.440474193545627,1103
"1104",242405,"52_10",1,"BM",312,"ACMA","Bigleaf maple","BM",78,34.1,65,75,1,"Y",0,0,289.1,0.440474193545627,1104
"1105",242405,"52_10",4,"DF",202,"PSME","Douglas-fir","DF",20,9.1,68,30,1,"Y",0,0,12.7,0.440474193545627,1105
"1106",242405,"52_10",5,"RA",351,"ALRU","Red alder","RA",21,9.8,100,30,1,"Y",0,0,23.4,0.440474193545627,1106
"1107",242405,"52_10",11,"TO",631,"LIDE3","Tanoak","TO",34,5.8,27,45,1,"Y",0,0,3.1,0.440474193545627,1107
"1108",242405,"52_10",6,"RA",351,"ALRU","Red alder","RA",20,11.2,100,30,1,"Y",0,0,30.4,0.440474193545627,1108
"1109",242405,"52_10",7,"RA",351,"ALRU","Red alder","RA",25,12,55,30,1,"Y",0,0,24.9,0.440474193545627,1109
"1110",242405,"52_10",2,"BM",312,"ACMA","Bigleaf maple","BM",82,7.6,29,35,1,"Y",0,0,6.4,0.440474193545627,1110
"1111",242405,"52_10",9,"BM",312,"ACMA","Bigleaf maple","BM",47,7.6,61,25,1,"Y",0,0,9.9,0.440474193545627,1111
"1112",242405,"52_10",8,"BM",312,"ACMA","Bigleaf maple","BM",47,7.3,67,30,1,"Y",0,0,9.5,0.440474193545627,1112
"1113",242405,"52_10",3,"BM",312,"ACMA","Bigleaf maple","BM",78,13.3,61,45,1,"Y",0,0,34.3,0.440474193545627,1113
"1114",242405,"52_19",26,"DF",202,"PSME","Douglas-fir","DF",2,19.8,105,50,1,"Y",0,0,82.5,0.135699691484939,1114
"1115",242405,"52_19",31,"DF",202,"PSME","Douglas-fir","DF",33,13.1,93,35,1,"Y",0,0,35.2,0.135699691484939,1115
"1116",242405,"52_19",7,"OM",981,"UMCA","Oregon myrtle","OM",11,7.8,53,40,1,"Y",0,0,11.2,0.135699691484939,1116
"1117",242405,"52_19",29,"DF",202,"PSME","Douglas-fir","DF",21,8.4,62,0,1,"N",2,0,9.8,0.135699691484939,1117
"1118",242405,"52_19",12,"OM",981,"UMCA","Oregon myrtle","OM",20,6.2,40,20,1,"Y",0,0,6.2,0.135699691484939,1118
"1119",242405,"52_19",27,"DF",202,"PSME","Douglas-fir","DF",11,15.9,107,35,1,"Y",0,0,58.4,0.135699691484939,1119
"1120",242405,"52_19",18,"TO",631,"LIDE3","Tanoak","TO",21,6.5,21,60,1,"Y",0,0,3.1,0.135699691484939,1120
"1121",242405,"52_19",8,"OM",981,"UMCA","Oregon myrtle","OM",12,8.5,49,40,1,"Y",0,0,12.8,0.135699691484939,1121
"1122",242405,"52_19",20,"DF",202,"PSME","Douglas-fir","DF",15,20.9,90,35,1,"Y",0,0,74.5,0.135699691484939,1122
"1123",242405,"52_19",10,"OM",981,"UMCA","Oregon myrtle","OM",4,6.7,46,30,1,"Y",0,0,7.7,0.135699691484939,1123
"1124",242405,"52_19",19,"TO",631,"LIDE3","Tanoak","TO",18,6.1,19,60,1,"Y",0,0,2.5,0.135699691484939,1124
"1125",242405,"52_19",9,"OM",981,"UMCA","Oregon myrtle","OM",4,7.8,37,30,1,"Y",0,0,9.5,0.135699691484939,1125
"1126",242405,"52_19",23,"TO",631,"LIDE3","Tanoak","TO",4,5.6,43,45,1,"Y",0,0,4.3,0.135699691484939,1126
"1127",242405,"52_19",2,"DF",202,"PSME","Douglas-fir","DF",23,10.5,91,15,1,"Y",0,0,23.2,0.135699691484939,1127
"1128",242405,"52_19",11,"OM",981,"UMCA","Oregon myrtle","OM",19,6.2,52,20,1,"Y",0,0,7.1,0.135699691484939,1128
"1129",242405,"52_19",3,"DF",202,"PSME","Douglas-fir","DF",15,13.4,95,40,1,"Y",0,0,37.6,0.135699691484939,1129
"1130",242405,"52_19",6,"OM",981,"UMCA","Oregon myrtle","OM",13,11.4,69,50,1,"Y",0,0,27.6,0.135699691484939,1130
"1131",242405,"52_19",2,"OM",981,"UMCA","Oregon myrtle","OM",,1,15,,,"Y",,,0,0.848123071780869,1131
"1132",242405,"52_19",17,"DF",202,"PSME","Douglas-fir","DF",24,14.2,89,45,1,"Y",0,0,38.3,0.135699691484939,1132
"1133",242405,"52_19",30,"TO",631,"LIDE3","Tanoak","TO",25,6.2,49,55,1,"Y",0,0,5.9,0.135699691484939,1133
"1134",242405,"52_19",28,"DF",202,"PSME","Douglas-fir","DF",15,19.8,110,45,1,"Y",0,0,87.5,0.135699691484939,1134
"1135",242405,"52_19",13,"PC",41,"CHLA","Port-Orford-cedar","PC",17,8,58,45,1,"Y",0,0,12.4,0.135699691484939,1135
"1136",242405,"52_19",22,"DF",202,"PSME","Douglas-fir","DF",12,16.7,120,45,1,"Y",0,0,72.5,0.135699691484939,1136
"1137",242405,"52_19",5,"TO",631,"LIDE3","Tanoak","TO",5,7.7,40,35,1,"Y",0,0,7.5,0.135699691484939,1137
"1138",242405,"52_19",16,"DF",202,"PSME","Douglas-fir","DF",25,20.5,90,35,2,"Y",0,0,72.1,0.135699691484939,1138
"1139",242405,"52_19",1,"TO",631,"LIDE3","Tanoak","TO",,1,5,,,"Y",,,0,0.848123071780869,1139
"1140",242405,"52_19",25,"OM",981,"UMCA","Oregon myrtle","OM",2,7.1,52,20,1,"Y",0,0,9.2,0.135699691484939,1140
"1141",242405,"52_19",15,"TO",631,"LIDE3","Tanoak","TO",32,5.8,15,20,3,"Y",0,0,1.9,0.135699691484939,1141
"1142",242405,"52_19",4,"OM",981,"UMCA","Oregon myrtle","OM",,2,30,,,"Y",,,0.3,0.848123071780869,1142
"1143",242405,"52_19",1,"DF",202,"PSME","Douglas-fir","DF",29,11,109,20,1,"Y",0,0,31,0.135699691484939,1143
"1144",242405,"52_19",21,"PC",41,"CHLA","Port-Orford-cedar","PC",15,6.2,44,10,1,"Y",0,0,6.5,0.135699691484939,1144
"1145",242405,"52_19",4,"DF",202,"PSME","Douglas-fir","DF",24,15,120,40,1,"Y",0,0,59.7,0.135699691484939,1145
"1146",242405,"52_19",24,"OM",981,"UMCA","Oregon myrtle","OM",3,8.6,55,30,1,"Y",0,0,13.9,0.135699691484939,1146
"1147",242405,"52_19",3,"OM",981,"UMCA","Oregon myrtle","OM",,5,42,,,"Y",,,4.1,0.848123071780869,1147
"1148",242405,"52_19",14,"WH",263,"TSHE","Western hemlock","WH",25,23.6,102,40,1,"Y",0,0,115.5,0.135699691484939,1148
"1149",242405,"62_23",1,"WH",263,"TSHE","Western hemlock","WH",26,8.2,43,50,3,"Y",0,0,6.4,0.0911750005734071,1149
"1150",242405,"62_23",8,"WH",263,"TSHE","Western hemlock","WH",47,6.6,46,0,1,"N",1,0,4.7,0.0911750005734071,1150
"1151",242405,"62_23",33,"WH",263,"TSHE","Western hemlock","WH",72,18.3,106,60,1,"Y",0,0,78.9,0.0911750005734071,1151
"1152",242405,"62_23",2,"WH",263,"TSHE","Western hemlock","WH",,4,24,,,"Y",,,0.9,0.569843753583794,1152
"1153",242405,"62_23",18,"WH",263,"TSHE","Western hemlock","WH",26,8.6,77,30,1,"Y",0,0,14.3,0.0911750005734071,1153
"1154",242405,"62_23",11,"WH",263,"TSHE","Western hemlock","WH",44,13.6,66,40,2,"Y",0,0,26.7,0.0911750005734071,1154
"1155",242405,"62_23",6,"WH",263,"TSHE","Western hemlock","WH",5,8,68,25,1,"Y",0,0,10.8,0.0911750005734071,1155
"1156",242405,"62_23",2,"WH",263,"TSHE","Western hemlock","WH",29,5.7,42,20,1,"Y",0,0,3.2,0.0911750005734071,1156
"1157",242405,"62_23",21,"WH",263,"TSHE","Western hemlock","WH",36,5.9,61,25,1,"Y",0,0,5.4,0.0911750005734071,1157
"1158",242405,"62_23",29,"WH",263,"TSHE","Western hemlock","WH",34,6.4,84,30,1,"Y",0,0,9,0.0911750005734071,1158
"1159",242405,"62_23",27,"WH",263,"TSHE","Western hemlock","WH",30,9.1,88,50,1,"Y",0,0,18.4,0.0911750005734071,1159
"1160",242405,"62_23",15,"WH",263,"TSHE","Western hemlock","WH",45,8.3,78,20,1,"Y",0,0,13.6,0.0911750005734071,1160
"1161",242405,"62_23",7,"WH",263,"TSHE","Western hemlock","WH",43,13.1,102,40,1,"Y",0,0,42.2,0.0911750005734071,1161
"1162",242405,"62_23",22,"WH",263,"TSHE","Western hemlock","WH",23,7.5,65,35,1,"Y",0,0,9.1,0.0911750005734071,1162
"1163",242405,"62_23",28,"WH",263,"TSHE","Western hemlock","WH",36,9.4,85,40,1,"Y",0,0,18.8,0.0911750005734071,1163
"1164",242405,"62_23",36,"WH",263,"TSHE","Western hemlock","WH",42,8.7,65,30,1,"Y",0,0,11.9,0.0911750005734071,1164
"1165",242405,"62_23",14,"WH",263,"TSHE","Western hemlock","WH",52,9.9,83,30,1,"Y",0,0,20.1,0.0911750005734071,1165
"1166",242405,"62_23",34,"DF",202,"PSME","Douglas-fir","DF",67,31.5,129,15,2,"Y",0,0,229.5,0.0911750005734071,1166
"1167",242405,"62_23",12,"WH",263,"TSHE","Western hemlock","WH",38,6.5,50,25,1,"Y",0,0,5.1,0.0911750005734071,1167
"1168",242405,"62_23",2,"WH",263,"TSHE","Western hemlock","WH",,4,24,,,"Y",,,0.9,0.569843753583794,1168
"1169",242405,"62_23",17,"WH",263,"TSHE","Western hemlock","WH",25,10.6,82,25,1,"Y",0,0,22.5,0.0911750005734071,1169
"1170",242405,"62_23",1,"WH",263,"TSHE","Western hemlock","WH",,5,33,,,"Y",,,1.9,0.569843753583794,1170
"1171",242405,"62_23",26,"WH",263,"TSHE","Western hemlock","WH",29,11.4,100,55,1,"Y",0,0,32,0.0911750005734071,1171
"1172",242405,"62_23",4,"WH",263,"TSHE","Western hemlock","WH",14,6.1,12,0,2,"N",2,0,1.4,0.0911750005734071,1172
"1173",242405,"62_23",9,"WH",263,"TSHE","Western hemlock","WH",48,7.3,83,20,1,"Y",0,0,11.4,0.0911750005734071,1173
"1174",242405,"62_23",5,"WH",263,"TSHE","Western hemlock","WH",13,8.4,34,0,2,"N",2,0,5.4,0.0911750005734071,1174
"1175",242405,"62_23",16,"WH",263,"TSHE","Western hemlock","WH",44,6.1,70,15,1,"Y",0,0,6.7,0.0911750005734071,1175
"1176",242405,"62_23",10,"DF",202,"PSME","Douglas-fir","DF",68,23.9,120,45,1,"Y",0,0,133.6,0.0911750005734071,1176
"1177",242405,"62_23",2,"WH",263,"TSHE","Western hemlock","WH",,4,24,,,"Y",,,0.9,0.569843753583794,1177
"1178",242405,"62_23",35,"WH",263,"TSHE","Western hemlock","WH",79,6.4,63,25,1,"Y",0,0,6.6,0.0911750005734071,1178
"1179",242405,"62_23",1,"WH",263,"TSHE","Western hemlock","WH",,5,33,,,"Y",,,1.9,0.569843753583794,1179
"1180",242405,"62_23",30,"WH",263,"TSHE","Western hemlock","WH",45,6.2,50,25,2,"Y",0,0,4.7,0.0911750005734071,1180
"1181",242405,"62_23",3,"WH",263,"TSHE","Western hemlock","WH",,3,17,,,"Y",,,0.4,0.569843753583794,1181
"1182",242405,"62_23",24,"WH",263,"TSHE","Western hemlock","WH",9,9.2,79,35,1,"Y",0,0,16.6,0.0911750005734071,1182
"1183",242405,"62_23",1,"WH",263,"TSHE","Western hemlock","WH",,5,33,,,"Y",,,1.9,0.569843753583794,1183
"1184",242405,"62_23",31,"DF",202,"PSME","Douglas-fir","DF",61,24.5,138,40,1,"Y",0,0,163.7,0.0911750005734071,1184
"1185",242405,"62_23",19,"DF",202,"PSME","Douglas-fir","DF",28,24.9,108,40,1,"Y",0,0,124.8,0.0911750005734071,1185
"1186",242405,"62_23",3,"WH",263,"TSHE","Western hemlock","WH",28,9.8,84,55,1,"Y",0,0,20,0.0911750005734071,1186
"1187",242405,"62_23",20,"WH",263,"TSHE","Western hemlock","WH",29,5.7,13,0,2,"N",2,0,1.2,0.0911750005734071,1187
"1188",242405,"62_23",32,"WH",263,"TSHE","Western hemlock","WH",60,9.9,92,35,1,"Y",0,0,22.5,0.0911750005734071,1188
"1189",242405,"62_23",23,"WH",263,"TSHE","Western hemlock","WH",38,13.6,98,40,1,"Y",0,0,43.1,0.0911750005734071,1189
"1190",242405,"62_23",13,"WH",263,"TSHE","Western hemlock","WH",33,10.6,84,35,1,"Y",0,0,23.1,0.0911750005734071,1190
"1191",242405,"62_23",25,"WH",263,"TSHE","Western hemlock","WH",33,9.1,73,25,1,"Y",0,0,14.9,0.0911750005734071,1191
"1192",242405,"63_13",1,"TO",631,"LIDE3","Tanoak","TO",,1,15,,,"Y",,,0.1,0.42248916488654,1192
"1193",242405,"63_13",5,"DF",202,"PSME","Douglas-fir","DF",,1,7,,,"Y",,,0,0.42248916488654,1193
"1194",242405,"63_13",19,"GF",17,"ABGR","Grand fir","GF",20,20.3,101,75,1,"Y",0,0,110.8,0.0675982663818464,1194
"1195",242405,"63_13",1,"TO",631,"LIDE3","Tanoak","TO",,1,15,,,"Y",,,0.1,0.42248916488654,1195
"1196",242405,"63_13",1,"TO",631,"LIDE3","Tanoak","TO",,1,15,,,"Y",,,0.1,0.42248916488654,1196
"1197",242405,"63_13",1,"TO",631,"LIDE3","Tanoak","TO",,1,15,,,"Y",,,0.1,0.42248916488654,1197
"1198",242405,"63_13",1,"TO",631,"LIDE3","Tanoak","TO",,1,15,,,"Y",,,0.1,0.42248916488654,1198
"1199",242405,"63_13",1,"TO",631,"LIDE3","Tanoak","TO",37,6.9,34,55,1,"Y",0,0,5.3,0.0675982663818464,1199
"1200",242405,"63_13",14,"TO",631,"LIDE3","Tanoak","TO",15,8.6,51,80,1,"Y",0,0,11.5,0.0675982663818464,1200
"1201",242405,"63_13",5,"DF",202,"PSME","Douglas-fir","DF",,1,7,,,"Y",,,0,0.42248916488654,1201
"1202",242405,"63_13",5,"DF",202,"PSME","Douglas-fir","DF",,1,7,,,"Y",,,0,0.42248916488654,1202
"1203",242405,"63_13",10,"DF",202,"PSME","Douglas-fir","DF",46,6.2,40,40,1,"Y",0,0,3.5,0.0675982663818464,1203
"1204",242405,"63_13",2,"TO",631,"LIDE3","Tanoak","TO",,3,22,,,"Y",,,0.7,0.42248916488654,1204
"1205",242405,"63_13",4,"GF",17,"ABGR","Grand fir","GF",,1,8,,,"Y",,,0,0.42248916488654,1205
"1206",242405,"63_13",3,"TO",631,"LIDE3","Tanoak","TO",,2,18,,,"Y",,,0.3,0.42248916488654,1206
"1207",242405,"63_13",5,"DF",202,"PSME","Douglas-fir","DF",,1,7,,,"Y",,,0,0.42248916488654,1207
"1208",242405,"63_13",1,"TO",631,"LIDE3","Tanoak","TO",,1,15,,,"Y",,,0.1,0.42248916488654,1208
"1209",242405,"63_13",11,"DF",202,"PSME","Douglas-fir","DF",27,8,50,50,1,"Y",0,0,7.1,0.0675982663818464,1209
"1210",242405,"63_13",8,"DF",202,"PSME","Douglas-fir","DF",4,11,56,55,1,"Y",0,0,14.2,0.0675982663818464,1210
"1211",242405,"63_13",5,"DF",202,"PSME","Douglas-fir","DF",,1,7,,,"Y",,,0,0.42248916488654,1211
"1212",242405,"63_13",1,"TO",631,"LIDE3","Tanoak","TO",,1,15,,,"Y",,,0.1,0.42248916488654,1212
"1213",242405,"63_13",4,"GF",17,"ABGR","Grand fir","GF",,1,8,,,"Y",,,0,0.42248916488654,1213
"1214",242405,"63_13",5,"DF",202,"PSME","Douglas-fir","DF",10,12.3,60,70,1,"Y",0,0,18.7,0.0675982663818464,1214
"1215",242405,"63_13",1,"TO",631,"LIDE3","Tanoak","TO",,1,15,,,"Y",,,0.1,0.42248916488654,1215
"1216",242405,"63_13",9,"DF",202,"PSME","Douglas-fir","DF",22,8.9,51,50,1,"Y",0,0,8.8,0.0675982663818464,1216
"1217",242405,"63_13",1,"TO",631,"LIDE3","Tanoak","TO",,1,15,,,"Y",,,0.1,0.42248916488654,1217
"1218",242405,"63_13",2,"DF",202,"PSME","Douglas-fir","DF",27,10.1,60,50,1,"Y",0,0,13.2,0.0675982663818464,1218
"1219",242405,"63_13",13,"TO",631,"LIDE3","Tanoak","TO",11,12.3,51,70,1,"Y",0,0,23.1,0.0675982663818464,1219
"1220",242405,"63_13",17,"DF",202,"PSME","Douglas-fir","DF",11,13.4,88,55,1,"Y",0,0,34.2,0.0675982663818464,1220
"1221",242405,"63_13",1,"TO",631,"LIDE3","Tanoak","TO",,1,15,,,"Y",,,0.1,0.42248916488654,1221
"1222",242405,"63_13",1,"TO",631,"LIDE3","Tanoak","TO",,1,15,,,"Y",,,0.1,0.42248916488654,1222
"1223",242405,"63_13",1,"TO",631,"LIDE3","Tanoak","TO",,1,15,,,"Y",,,0.1,0.42248916488654,1223
"1224",242405,"63_13",1,"TO",631,"LIDE3","Tanoak","TO",,1,15,,,"Y",,,0.1,0.42248916488654,1224
"1225",242405,"63_13",3,"TO",631,"LIDE3","Tanoak","TO",,2,18,,,"Y",,,0.3,0.42248916488654,1225
"1226",242405,"63_13",3,"DF",202,"PSME","Douglas-fir","DF",18,9.5,54,65,1,"Y",0,0,10.5,0.0675982663818464,1226
"1227",242405,"63_13",1,"TO",631,"LIDE3","Tanoak","TO",,1,15,,,"Y",,,0.1,0.42248916488654,1227
"1228",242405,"63_13",18,"DF",202,"PSME","Douglas-fir","DF",13,39.1,186,65,1,"Y",0,0,491.1,0.0675982663818464,1228
"1229",242405,"63_13",1,"TO",631,"LIDE3","Tanoak","TO",,1,15,,,"Y",,,0.1,0.42248916488654,1229
"1230",242405,"63_13",12,"DF",202,"PSME","Douglas-fir","DF",33,8.3,52,80,1,"Y",0,0,7.9,0.0675982663818464,1230
"1231",242405,"63_13",5,"DF",202,"PSME","Douglas-fir","DF",,1,7,,,"Y",,,0,0.42248916488654,1231
"1232",242405,"63_13",4,"DF",202,"PSME","Douglas-fir","DF",21,8.2,54,70,1,"Y",0,0,8.1,0.0675982663818464,1232
"1233",242405,"63_13",3,"TO",631,"LIDE3","Tanoak","TO",,2,18,,,"Y",,,0.3,0.42248916488654,1233
"1234",242405,"63_13",6,"DF",202,"PSME","Douglas-fir","DF",6,9.4,60,55,1,"Y",0,0,11.6,0.0675982663818464,1234
"1235",242405,"63_13",7,"DF",202,"PSME","Douglas-fir","DF",5,10.1,55,70,1,"Y",0,0,12,0.0675982663818464,1235
"1236",242405,"63_13",16,"GF",17,"ABGR","Grand fir","GF",14,19,98,60,3,"Y",0,0,95.1,0.0675982663818464,1236
"1237",242405,"63_13",15,"DF",202,"PSME","Douglas-fir","DF",3,28.7,154,40,1,"Y",0,0,235.8,0.0675982663818464,1237
"1238",242405,"63_13",4,"GF",17,"ABGR","Grand fir","GF",,1,8,,,"Y",,,0,0.42248916488654,1238
"1239",242405,"63_13",1,"TO",631,"LIDE3","Tanoak","TO",,1,15,,,"Y",,,0.1,0.42248916488654,1239
"1240",242405,"63_13",1,"TO",631,"LIDE3","Tanoak","TO",,1,15,,,"Y",,,0.1,0.42248916488654,1240
"1241",242405,"63_13",1,"TO",631,"LIDE3","Tanoak","TO",,1,15,,,"Y",,,0.1,0.42248916488654,1241
"1242",242405,"63_13",5,"DF",202,"PSME","Douglas-fir","DF",,1,7,,,"Y",,,0,0.42248916488654,1242
"1243",242405,"63_22",5,"WH",263,"TSHE","Western hemlock","WH",6,36.3,132,45,1,"Y",0,0,319.9,0.045123578089111,1243
"1244",242405,"63_22",12,"WH",263,"TSHE","Western hemlock","WH",29,27.7,125,75,1,"Y",0,0,190.8,0.045123578089111,1244
"1245",242405,"63_22",4,"WH",263,"TSHE","Western hemlock","WH",12,8.3,54,80,1,"Y",0,0,8.7,0.045123578089111,1245
"1246",242405,"63_22",3,"OM",981,"UMCA","Oregon myrtle","OM",55,14.8,35,65,1,"Y",0,0,33.4,0.045123578089111,1246
"1247",242405,"63_22",2,"OM",981,"UMCA","Oregon myrtle","OM",65,6.1,27,70,2,"Y",0,0,2.7,0.045123578089111,1247
"1248",242405,"63_22",1,"WH",263,"TSHE","Western hemlock","WH",26,6.4,21,80,1,"Y",0,0,2.3,0.045123578089111,1248
"1249",242405,"63_22",8,"WH",263,"TSHE","Western hemlock","WH",42,70,11,0,2,"N",4,0,182.8,0.045123578089111,1249
"1250",242405,"63_22",6,"WH",263,"TSHE","Western hemlock","WH",36,40.8,150,40,1,"Y",0,0,450.6,0.045123578089111,1250
"1251",242405,"63_22",9,"WH",263,"TSHE","Western hemlock","WH",69,26.2,102,60,3,"Y",0,0,137.6,0.045123578089111,1251
"1252",242405,"63_22",10,"WH",263,"TSHE","Western hemlock","WH",74,6.2,30,60,1,"Y",0,0,2.6,0.045123578089111,1252
"1253",242405,"63_22",7,"WH",263,"TSHE","Western hemlock","WH",40,5.8,41,70,1,"Y",0,0,3.2,0.045123578089111,1253
"1254",242405,"63_22",11,"RA",351,"ALRU","Red alder","RA",72,11.8,89,50,1,"Y",0,0,31.4,0.045123578089111,1254
"1255",242405,"71_17",3,"RC",242,"THPL","Western redcedar","RC",,1,8,,,"Y",,,0,0.28180698063472,1255
"1256",242405,"71_17",2,"WH",263,"TSHE","Western hemlock","WH",,1,9,,,"Y",,,0.1,0.28180698063472,1256
"1257",242405,"71_17",3,"DF",202,"PSME","Douglas-fir","DF",41,32.8,198,55,1,"Y",0,0,392.2,0.0450891169015552,1257
"1258",242405,"71_17",2,"RC",242,"THPL","Western redcedar","RC",49,6.2,27,50,1,"Y",0,0,3,0.0450891169015552,1258
"1259",242405,"71_17",6,"WH",263,"TSHE","Western hemlock","WH",42,22.1,143,70,1,"Y",0,0,152.2,0.0450891169015552,1259
"1260",242405,"71_17",10,"DF",202,"PSME","Douglas-fir","DF",49,30.7,193,65,1,"Y",0,0,341.5,0.0450891169015552,1260
"1261",242405,"71_17",2,"WH",263,"TSHE","Western hemlock","WH",,1,9,,,"Y",,,0.1,0.28180698063472,1261
"1262",242405,"71_17",2,"WH",263,"TSHE","Western hemlock","WH",,1,9,,,"Y",,,0.1,0.28180698063472,1262
"1263",242405,"71_17",9,"RC",242,"THPL","Western redcedar","RC",49,17,90,80,1,"Y",0,0,47.8,0.0450891169015552,1263
"1264",242405,"71_17",8,"RC",242,"THPL","Western redcedar","RC",73,22.8,118,55,1,"Y",0,0,109.5,0.0450891169015552,1264
"1265",242405,"71_17",1,"RC",242,"THPL","Western redcedar","RC",,4,37,,,"Y",,,1.6,0.28180698063472,1265
"1266",242405,"71_17",1,"DF",202,"PSME","Douglas-fir","DF",61,18.4,143,60,1,"Y",0,0,102.5,0.0450891169015552,1266
"1267",242405,"71_17",7,"RC",242,"THPL","Western redcedar","RC",63,21.6,111,65,1,"Y",0,0,91.9,0.0450891169015552,1267
"1268",242405,"71_17",5,"RC",242,"THPL","Western redcedar","RC",1,10,56,65,1,"Y",0,0,13.4,0.0450891169015552,1268
"1269",242405,"71_17",4,"WH",263,"TSHE","Western hemlock","WH",2,24.1,153,75,1,"Y",0,0,190.1,0.0450891169015552,1269
"1270",242405,"72_05",3,"GF",17,"ABGR","Grand fir","GF",25,13.5,100,40,1,"Y",0,0,48.7,0.0446809910842454,1270
"1271",242405,"72_05",13,"GF",17,"ABGR","Grand fir","GF",55,7.4,53,60,1,"Y",0,0,10.1,0.0446809910842454,1271
"1272",242405,"72_05",2,"GF",17,"ABGR","Grand fir","GF",16,16.7,103,45,1,"Y",0,0,76,0.0446809910842454,1272
"1273",242405,"72_05",15,"GF",17,"ABGR","Grand fir","GF",12,26.3,140,50,1,"Y",0,0,233.6,0.0446809910842454,1273
"1274",242405,"72_05",8,"DF",202,"PSME","Douglas-fir","DF",7,28.4,151,45,1,"Y",0,0,227.1,0.0446809910842454,1274
"1275",242405,"72_05",16,"TO",631,"LIDE3","Tanoak","TO",2,9.7,48,55,1,"Y",0,0,13.8,0.0446809910842454,1275
"1276",242405,"72_05",11,"GF",17,"ABGR","Grand fir","GF",20,6.2,54,45,1,"Y",0,0,7.2,0.0446809910842454,1276
"1277",242405,"72_05",12,"GF",17,"ABGR","Grand fir","GF",24,8.3,67,45,1,"Y",0,0,14.4,0.0446809910842454,1277
"1278",242405,"72_05",14,"TO",631,"LIDE3","Tanoak","TO",24,8.6,42,40,1,"Y",0,0,9.8,0.0446809910842454,1278
"1279",242405,"72_05",9,"DF",202,"PSME","Douglas-fir","DF",19,24.3,137,45,2,"Y",0,0,160.4,0.0446809910842454,1279
"1280",242405,"72_05",4,"GF",17,"ABGR","Grand fir","GF",7,6.4,48,35,1,"Y",0,0,7.2,0.0446809910842454,1280
"1281",242405,"72_05",6,"DF",202,"PSME","Douglas-fir","DF",10,28.7,145,45,1,"Y",0,0,225,0.0446809910842454,1281
"1282",242405,"72_05",7,"DF",202,"PSME","Douglas-fir","DF",13,22.3,126,45,2,"Y",0,0,126.6,0.0446809910842454,1282
"1283",242405,"72_05",1,"DF",202,"PSME","Douglas-fir","DF",15,5.55,48,40,1,"Y",0,0,3.4,0.0446809910842454,1283
"1284",242405,"72_05",5,"GF",17,"ABGR","Grand fir","GF",9,10.5,74,40,1,"Y",0,0,24.4,0.0446809910842454,1284
"1285",242405,"72_05",10,"DF",202,"PSME","Douglas-fir","DF",22,26.2,157,45,1,"Y",0,0,206.7,0.0446809910842454,1285
"1286",242405,"72_28",6,"DF",202,"PSME","Douglas-fir","DF",28,30.1,182,30,1,"Y",0,0,309.6,0.0451177540296475,1286
"1287",242405,"72_28",11,"OM",981,"UMCA","Oregon myrtle","OM",33,7.9,40,60,1,"Y",0,0,10.1,0.0451177540296475,1287
"1288",242405,"72_28",1,"DF",202,"PSME","Douglas-fir","DF",27,28,93,35,3,"Y",0,0,124.8,0.0451177540296475,1288
"1289",242405,"72_28",12,"DF",202,"PSME","Douglas-fir","DF",33,11.6,87,45,3,"Y",0,0,26.3,0.0451177540296475,1289
"1290",242405,"72_28",3,"DF",202,"PSME","Douglas-fir","DF",34,41.2,190,50,1,"Y",0,0,548.2,0.0451177540296475,1290
"1291",242405,"72_28",8,"DF",202,"PSME","Douglas-fir","DF",29,37.9,150,35,3,"Y",0,0,371.1,0.0451177540296475,1291
"1292",242405,"72_28",9,"OM",981,"UMCA","Oregon myrtle","OM",31,12.8,53,75,1,"Y",0,0,29.9,0.0451177540296475,1292
"1293",242405,"72_28",5,"DF",202,"PSME","Douglas-fir","DF",18,29,161,30,1,"Y",0,0,252.4,0.0451177540296475,1293
"1294",242405,"72_28",10,"OM",981,"UMCA","Oregon myrtle","OM",33,5.9,38,65,1,"Y",0,0,5.5,0.0451177540296475,1294
"1295",242405,"72_28",4,"DF",202,"PSME","Douglas-fir","DF",3,24.1,122,40,1,"Y",0,0,138.4,0.0451177540296475,1295
"1296",242405,"72_28",2,"DF",202,"PSME","Douglas-fir","DF",27,9.1,48,35,3,"Y",0,0,8.6,0.0451177540296475,1296
"1297",242405,"72_28",7,"DF",202,"PSME","Douglas-fir","DF",26,29.7,206,30,1,"Y",0,0,346,0.0451177540296475,1297
"1298",242405,"72_29",8,"DF",202,"PSME","Douglas-fir","DF",26,26.4,152,45,1,"Y",0,0,201.9,0.0908477304380429,1298
"1299",242405,"72_29",3,"DF",202,"PSME","Douglas-fir","DF",5,37.5,186,40,1,"Y",0,0,458.2,0.0908477304380429,1299
"1300",242405,"72_29",1,"WH",263,"TSHE","Western hemlock","WH",,1,7,,,"Y",,,0,0.567798315237768,1300
"1301",242405,"72_29",1,"WH",263,"TSHE","Western hemlock","WH",,1,7,,,"Y",,,0,0.567798315237768,1301
"1302",242405,"72_29",2,"DF",202,"PSME","Douglas-fir","DF",18,44.5,66,0,2,"N",3,0,175.6,0.0908477304380429,1302
"1303",242405,"72_29",1,"DF",202,"PSME","Douglas-fir","DF",51,62.7,41,0,2,"N",3,0,241.7,0.0908477304380429,1303
"1304",242405,"72_29",6,"DF",202,"PSME","Douglas-fir","DF",53,42.3,28,0,2,"N",3,0,112.6,0.0908477304380429,1304
"1305",242405,"72_29",4,"WH",263,"TSHE","Western hemlock","WH",1,13.6,77,70,1,"Y",0,0,32.4,0.0908477304380429,1305
"1306",242405,"72_29",9,"DF",202,"PSME","Douglas-fir","DF",75,22.6,151,25,1,"Y",0,0,154.2,0.0908477304380429,1306
"1307",242405,"72_29",5,"DF",202,"PSME","Douglas-fir","DF",59,12.9,109,15,1,"Y",0,0,41.2,0.0908477304380429,1307
"1308",242405,"72_29",7,"DF",202,"PSME","Douglas-fir","DF",51,35.2,31,0,2,"N",3,0,81,0.0908477304380429,1308
"1309",242405,"82_24",5,"DF",202,"PSME","Douglas-fir","DF",17,36.4,92,0,2,"N",2,0,181.1,0.0447663106341533,1309
"1310",242405,"82_24",1,"BM",312,"ACMA","Bigleaf maple","BM",8,29.7,126,60,1,"Y",0,0,311.2,0.0447663106341533,1310
"1311",242405,"82_24",4,"DF",202,"PSME","Douglas-fir","DF",16,22.2,53,0,2,"N",3,0,47.1,0.0447663106341533,1311
"1312",242405,"82_24",3,"OM",981,"UMCA","Oregon myrtle","OM",6,11.7,75,60,1,"Y",0,0,30.5,0.0447663106341533,1312
"1313",242405,"82_24",2,"OM",981,"UMCA","Oregon myrtle","OM",10,11,55,45,1,"Y",0,0,22.5,0.0447663106341533,1313
"1314",242405,"82_24",6,"WH",263,"TSHE","Western hemlock","WH",12,7.7,12,0,2,"N",4,0,2.2,0.0447663106341533,1314
"1315",242405,"82_24",7,"WH",263,"TSHE","Western hemlock","WH",12,37.5,156,60,1,"Y",0,0,408.6,0.0447663106341533,1315
"1316",242405,"83_05",1,"DF",202,"PSME","Douglas-fir","DF",47,35.1,183,50,2,"Y",0,0,403,0.0453109670949523,1316
"1317",242405,"83_15",5,"WH",263,"TSHE","Western hemlock","WH",,1,12,,,"Y",,,0.1,0.281596100454923,1317
"1318",242405,"83_15",5,"WH",263,"TSHE","Western hemlock","WH",,1,12,,,"Y",,,0.1,0.281596100454923,1318
"1319",242405,"83_15",5,"WH",263,"TSHE","Western hemlock","WH",,1,12,,,"Y",,,0.1,0.281596100454923,1319
"1320",242405,"83_15",2,"WH",263,"TSHE","Western hemlock","WH",,2,21,,,"Y",,,0.2,0.281596100454923,1320
"1321",242405,"83_15",1,"WH",263,"TSHE","Western hemlock","WH",,3,25,,,"Y",,,0.5,0.281596100454923,1321
"1322",242405,"83_15",5,"WH",263,"TSHE","Western hemlock","WH",,1,12,,,"Y",,,0.1,0.281596100454923,1322
"1323",242405,"83_15",9,"DF",202,"PSME","Douglas-fir","DF",5,25.1,187,35,1,"Y",0,0,235.3,0.0450553760727877,1323
"1324",242405,"83_15",4,"GF",17,"ABGR","Grand fir","GF",,1,5,,,"Y",,,0,0.281596100454923,1324
"1325",242405,"83_15",17,"DF",202,"PSME","Douglas-fir","DF",16,21.6,183,35,1,"Y",0,0,178.6,0.0450553760727877,1325
"1326",242405,"83_15",5,"WH",263,"TSHE","Western hemlock","WH",,1,12,,,"Y",,,0.1,0.281596100454923,1326
"1327",242405,"83_15",16,"DF",202,"PSME","Douglas-fir","DF",17,20.1,175,30,1,"Y",0,0,150.6,0.0450553760727877,1327
"1328",242405,"83_15",15,"DF",202,"PSME","Douglas-fir","DF",2,29,208,35,1,"Y",0,0,335.8,0.0450553760727877,1328
"1329",242405,"83_15",5,"WH",263,"TSHE","Western hemlock","WH",28,6.2,46,85,1,"Y",0,0,4.2,0.0450553760727877,1329
"1330",242405,"83_15",7,"DF",202,"PSME","Douglas-fir","DF",15,28.6,164,40,1,"Y",0,0,252,0.0450553760727877,1330
"1331",242405,"83_15",1,"WH",263,"TSHE","Western hemlock","WH",,3,25,,,"Y",,,0.5,0.281596100454923,1331
"1332",242405,"83_15",5,"WH",263,"TSHE","Western hemlock","WH",,1,12,,,"Y",,,0.1,0.281596100454923,1332
"1333",242405,"83_15",8,"DF",202,"PSME","Douglas-fir","DF",12,17.6,150,40,1,"Y",0,0,100.7,0.0450553760727877,1333
"1334",242405,"83_15",5,"WH",263,"TSHE","Western hemlock","WH",,1,12,,,"Y",,,0.1,0.281596100454923,1334
"1335",242405,"83_15",10,"DF",202,"PSME","Douglas-fir","DF",5,16.6,158,30,1,"Y",0,0,97.1,0.0450553760727877,1335
"1336",242405,"83_15",2,"DF",202,"PSME","Douglas-fir","DF",23,52.2,21,0,2,"N",4,0,168.4,0.0450553760727877,1336
"1337",242405,"83_15",5,"WH",263,"TSHE","Western hemlock","WH",,1,12,,,"Y",,,0.1,0.281596100454923,1337
"1338",242405,"83_15",12,"DF",202,"PSME","Douglas-fir","DF",30,21.9,171,40,1,"Y",0,0,169.3,0.0450553760727877,1338
"1339",242405,"83_15",3,"DF",202,"PSME","Douglas-fir","DF",24,20.7,181,50,1,"Y",0,0,164.3,0.0450553760727877,1339
"1340",242405,"83_15",1,"WH",263,"TSHE","Western hemlock","WH",23,9.2,61,75,1,"Y",0,0,12.2,0.0450553760727877,1340
"1341",242405,"83_15",14,"DF",202,"PSME","Douglas-fir","DF",11,30.3,190,30,1,"Y",0,0,328.4,0.0450553760727877,1341
"1342",242405,"83_15",11,"WH",263,"TSHE","Western hemlock","WH",18,6.2,44,85,1,"Y",0,0,4,0.0450553760727877,1342
"1343",242405,"83_15",5,"WH",263,"TSHE","Western hemlock","WH",,1,12,,,"Y",,,0.1,0.281596100454923,1343
"1344",242405,"83_15",1,"WH",263,"TSHE","Western hemlock","WH",,3,25,,,"Y",,,0.5,0.281596100454923,1344
"1345",242405,"83_15",4,"DF",202,"PSME","Douglas-fir","DF",23,22.1,176,35,1,"Y",0,0,177.6,0.0450553760727877,1345
"1346",242405,"83_15",6,"DF",202,"PSME","Douglas-fir","DF",14,15.1,137,35,1,"Y",0,0,69.9,0.0450553760727877,1346
"1347",242405,"83_15",3,"DF",202,"PSME","Douglas-fir","DF",,1,6,,,"Y",,,0,0.281596100454923,1347
"1348",242405,"83_15",6,"GF",17,"ABGR","Grand fir","GF",,3,27,,,"Y",,,0.7,0.281596100454923,1348
"1349",242405,"83_15",13,"DF",202,"PSME","Douglas-fir","DF",19,34.7,208,35,1,"Y",0,0,453.7,0.0450553760727877,1349
"1350",242405,"83_15",5,"WH",263,"TSHE","Western hemlock","WH",,1,12,,,"Y",,,0.1,0.281596100454923,1350
"1351",242405,"83_30",1,"DF",202,"PSME","Douglas-fir","DF",34,55.4,162,40,2,"Y",0,0,675,0.0439504864165748,1351
"1352",242405,"83_30",4,"PY",231,"TABR","Pacific yew","OtherConifers",16,10.1,31,50,1,"Y",0,0,10.3,0.0439504864165748,1352
"1353",242405,"83_30",1,"GF",17,"ABGR","Grand fir","GF",,1,14,,,"Y",,,0,0.274690540103593,1353
"1354",242405,"83_30",1,"GF",17,"ABGR","Grand fir","GF",,1,14,,,"Y",,,0,0.274690540103593,1354
"1355",242405,"83_30",1,"GF",17,"ABGR","Grand fir","GF",,1,14,,,"Y",,,0,0.274690540103593,1355
"1356",242405,"83_30",2,"WH",263,"TSHE","Western hemlock","WH",25,8.2,52,75,1,"Y",0,0,8.1,0.0439504864165748,1356
"1357",242405,"83_30",3,"GC",431,"CACH","Golden chinkapin","OtherBroadLeaved",,3,21,,,"Y",,,0.5,0.274690540103593,1357
"1358",242405,"83_30",9,"RC",242,"THPL","Western redcedar","RC",20,15.3,77,90,1,"Y",0,0,34.3,0.0439504864165748,1358
"1359",242405,"83_30",10,"DF",202,"PSME","Douglas-fir","DF",4,54.3,230,70,1,"Y",0,0,1024.1,0.0439504864165748,1359
"1360",242405,"83_30",1,"GF",17,"ABGR","Grand fir","GF",,1,14,,,"Y",,,0,0.274690540103593,1360
"1361",242405,"83_30",8,"WH",263,"TSHE","Western hemlock","WH",30,22,87,85,2,"Y",0,0,85.1,0.0439504864165748,1361
"1362",242405,"83_30",2,"WH",263,"TSHE","Western hemlock","WH",,1,7,,,"Y",,,0,0.274690540103593,1362
"1363",242405,"83_30",3,"GF",17,"ABGR","Grand fir","GF",8,10.5,69,65,1,"Y",0,0,23.4,0.0439504864165748,1363
"1364",242405,"83_30",5,"PY",231,"TABR","Pacific yew","OtherConifers",36,5.8,35,50,1,"Y",0,0,3.7,0.0439504864165748,1364
"1365",242405,"83_30",12,"RC",242,"THPL","Western redcedar","RC",44,19.2,90,70,2,"Y",0,0,58,0.0439504864165748,1365
"1366",242405,"83_30",11,"RC",242,"THPL","Western redcedar","RC",46,17.2,75,60,1,"Y",0,0,40.5,0.0439504864165748,1366
"1367",242405,"83_30",7,"DF",202,"PSME","Douglas-fir","DF",50,6.5,53,90,1,"Y",0,0,5.1,0.0439504864165748,1367
"1368",242405,"83_30",6,"GF",17,"ABGR","Grand fir","GF",50,21.8,74,65,1,"Y",0,0,104.9,0.0439504864165748,1368
"1369",242405,"93_07",1,"WH",263,"TSHE","Western hemlock","WH",,1,7,,,"Y",,,0,0.282207873741166,1369
"1370",242405,"93_07",1,"WH",263,"TSHE","Western hemlock","WH",13,9,63,90,1,"Y",0,0,12.2,0.0451532597985865,1370
"1371",242405,"93_07",5,"WH",263,"TSHE","Western hemlock","WH",16,5.8,43,85,1,"Y",0,0,3.4,0.0451532597985865,1371
"1372",242405,"93_07",4,"WH",263,"TSHE","Western hemlock","WH",10,6.8,58,85,1,"Y",0,0,6.6,0.0451532597985865,1372
"1373",242405,"93_07",2,"WH",263,"TSHE","Western hemlock","WH",2,6.3,45,90,1,"Y",0,0,4.2,0.0451532597985865,1373
"1374",242405,"93_07",3,"WH",263,"TSHE","Western hemlock","WH",1,8,58,90,1,"Y",0,0,8.9,0.0451532597985865,1374
"1375",242405,"93_09",10,"DF",202,"PSME","Douglas-fir","DF",22,43.7,31,0,2,"N",4,0,122.2,0.271686453629457,1375
"1376",242405,"93_09",15,"WH",263,"TSHE","Western hemlock","WH",32,5.5,40,45,1,"Y",0,0,2.8,0.271686453629457,1376
"1377",242405,"93_09",13,"DF",202,"PSME","Douglas-fir","DF",5,38.2,31,0,2,"N",4,0,94.8,0.271686453629457,1377
"1378",242405,"93_09",1,"WH",263,"TSHE","Western hemlock","WH",36,11.2,86,35,1,"Y",0,0,26.3,0.271686453629457,1378
"1379",242405,"93_09",3,"WH",263,"TSHE","Western hemlock","WH",24,5.8,54,30,1,"Y",0,0,4.6,0.271686453629457,1379
"1380",242405,"93_09",5,"DF",202,"PSME","Douglas-fir","DF",12,53.7,252,45,1,"Y",0,0,1092,0.271686453629457,1380
"1381",242405,"93_09",7,"WH",263,"TSHE","Western hemlock","WH",30,8.4,55,45,3,"Y",0,0,9.1,0.271686453629457,1381
"1382",242405,"93_09",14,"WH",263,"TSHE","Western hemlock","WH",15,17.3,93,65,1,"Y",0,0,61.5,0.271686453629457,1382
"1383",242405,"93_09",4,"WH",263,"TSHE","Western hemlock","WH",13,11,76,45,1,"Y",0,0,22,0.271686453629457,1383
"1384",242405,"93_09",9,"WH",263,"TSHE","Western hemlock","WH",36,9.3,54,75,3,"Y",0,0,10.7,0.271686453629457,1384
"1385",242405,"93_09",8,"WH",263,"TSHE","Western hemlock","WH",35,6.3,41,0,2,"N",2,0,3.8,0.271686453629457,1385
"1386",242405,"93_09",12,"WH",263,"TSHE","Western hemlock","WH",17,5.7,31,80,1,"Y",0,0,2.3,0.271686453629457,1386
"1387",242405,"93_09",2,"WH",263,"TSHE","Western hemlock","WH",28,5.7,54,35,1,"Y",0,0,4.4,0.271686453629457,1387
"1388",242405,"93_09",6,"WH",263,"TSHE","Western hemlock","WH",10,10.2,71,65,1,"Y",0,0,17.7,0.271686453629457,1388
"1389",242405,"93_09",11,"WH",263,"TSHE","Western hemlock","WH",30,31.2,143,65,1,"Y",0,0,271.6,0.271686453629457,1389
"1390",242405,"93_27",3,"RA",351,"ALRU","Red alder","RA",30,19.1,67,50,1,"Y",0,0,69.9,0.0451153134412219,1390
"1391",242405,"93_27",5,"WH",263,"TSHE","Western hemlock","WH",16,6.7,30,85,3,"Y",0,0,3.1,0.0451153134412219,1391
"1392",242405,"93_27",7,"RA",351,"ALRU","Red alder","RA",1,6.6,58,55,1,"Y",0,0,7.8,0.0451153134412219,1392
"1393",242405,"93_27",2,"RA",351,"ALRU","Red alder","RA",45,11.2,67,50,1,"Y",0,0,24.1,0.0451153134412219,1393
"1394",242405,"93_27",4,"RA",351,"ALRU","Red alder","RA",21,11.4,78,60,1,"Y",0,0,27.1,0.0451153134412219,1394
"1395",242405,"93_27",8,"DF",202,"PSME","Douglas-fir","DF",49,62.5,255,55,1,"Y",0,0,1330.5,0.0451153134412219,1395
"1396",242405,"93_27",6,"WH",263,"TSHE","Western hemlock","WH",1,14.5,92,80,1,"Y",0,0,44.8,0.0451153134412219,1396
"1397",242405,"93_27",1,"RA",351,"ALRU","Red alder","RA",13,12.4,74,65,1,"Y",0,0,31.1,0.0451153134412219,1397
"1398",242405,"103_01",9,"WH",263,"TSHE","Western hemlock","WH",40,11,82,50,1,"Y",0,0,24.1,0.13578275952581,1398
"1399",242405,"103_01",17,"WH",263,"TSHE","Western hemlock","WH",17,10.8,79,70,1,"Y",0,0,22.3,0.13578275952581,1399
"1400",242405,"103_01",1,"WH",263,"TSHE","Western hemlock","WH",25,7.6,49,30,1,"Y",0,0,6.6,0.13578275952581,1400
"1401",242405,"103_01",5,"WH",263,"TSHE","Western hemlock","WH",5,6,47,30,1,"Y",0,0,4.1,0.13578275952581,1401
"1402",242405,"103_01",11,"DF",202,"PSME","Douglas-fir","DF",65,66.4,259,40,2,"Y",0,0,1426.1,0.13578275952581,1402
"1403",242405,"103_01",1,"WH",263,"TSHE","Western hemlock","WH",,4,49,,,"Y",,,2,0.848642247036313,1403
"1404",242405,"103_01",13,"WH",263,"TSHE","Western hemlock","WH",68,9.2,76,75,1,"Y",0,0,15.9,0.13578275952581,1404
"1405",242405,"103_01",16,"WH",263,"TSHE","Western hemlock","WH",42,10,84,55,1,"Y",0,0,20.8,0.13578275952581,1405
"1406",242405,"103_01",15,"WH",263,"TSHE","Western hemlock","WH",79,14.8,106,50,1,"Y",0,0,54.7,0.13578275952581,1406
"1407",242405,"103_01",12,"WH",263,"TSHE","Western hemlock","WH",64,10.4,76,45,1,"Y",0,0,19.9,0.13578275952581,1407
"1408",242405,"103_01",8,"WH",263,"TSHE","Western hemlock","WH",52,26.4,130,70,1,"Y",0,0,184.3,0.13578275952581,1408
"1409",242405,"103_01",4,"WH",263,"TSHE","Western hemlock","WH",6,8.7,58,40,1,"Y",0,0,10.4,0.13578275952581,1409
"1410",242405,"103_01",10,"WH",263,"TSHE","Western hemlock","WH",50,7.8,59,60,1,"Y",0,0,8.7,0.13578275952581,1410
"1411",242405,"103_01",2,"WH",263,"TSHE","Western hemlock","WH",17,16.7,84,75,3,"Y",0,0,51.2,0.13578275952581,1411
"1412",242405,"103_01",6,"WH",263,"TSHE","Western hemlock","WH",43,34.8,162,65,1,"Y",0,0,377.2,0.13578275952581,1412
"1413",242405,"103_01",3,"WH",263,"TSHE","Western hemlock","WH",8,5.7,49,20,1,"Y",0,0,3.9,0.13578275952581,1413
"1414",242405,"103_01",14,"WH",263,"TSHE","Western hemlock","WH",68,6.7,43,35,1,"Y",0,0,4.5,0.13578275952581,1414
"1415",242405,"103_01",7,"WH",263,"TSHE","Western hemlock","WH",45,9.6,71,35,1,"Y",0,0,15.9,0.13578275952581,1415
"1416",242405,"103_03",13,"WH",263,"TSHE","Western hemlock","WH",15,13.1,108,65,1,"Y",0,0,44.8,0.180716482350554,1416
"1417",242405,"103_03",7,"DF",202,"PSME","Douglas-fir","DF",35,6.5,44,80,1,"Y",0,0,4.2,0.180716482350554,1417
"1418",242405,"103_03",3,"RC",242,"THPL","Western redcedar","RC",45,10.6,56,40,1,"Y",0,0,14.8,0.180716482350554,1418
"1419",242405,"103_03",2,"WH",263,"TSHE","Western hemlock","WH",41,17.3,47,0,2,"N",4,0,29.8,0.180716482350554,1419
"1420",242405,"103_03",11,"RC",242,"THPL","Western redcedar","RC",1,26.6,111,55,1,"Y",0,0,126.7,0.180716482350554,1420
"1421",242405,"103_03",9,"BM",312,"ACMA","Bigleaf maple","BM",24,32.6,91,75,3,"Y",0,0,317.4,0.180716482350554,1421
"1422",242405,"103_03",14,"WH",263,"TSHE","Western hemlock","WH",17,27.3,122,65,1,"Y",0,0,181.1,0.180716482350554,1422
"1423",242405,"103_03",12,"DF",202,"PSME","Douglas-fir","DF",16,71.4,217,50,1,"Y",0,0,1277.6,0.180716482350554,1423
"1424",242405,"103_03",1,"WH",263,"TSHE","Western hemlock","WH",41,16.6,38,0,2,"N",4,0,23.3,0.180716482350554,1424
"1425",242405,"103_03",10,"DF",202,"PSME","Douglas-fir","DF",26,64.6,102,0,2,"N",2,0,408.6,0.180716482350554,1425
"1426",242405,"103_03",6,"BM",312,"ACMA","Bigleaf maple","BM",40,8.1,39,0,1,"N",3,0,8.8,0.180716482350554,1426
"1427",242405,"103_03",5,"BM",312,"ACMA","Bigleaf maple","BM",53,26,92,70,1,"Y",0,0,193.1,0.180716482350554,1427
"1428",242405,"103_03",4,"DF",202,"PSME","Douglas-fir","DF",52,48.6,189,30,1,"Y",0,0,706.2,0.180716482350554,1428
"1429",242405,"103_03",8,"DF",202,"PSME","Douglas-fir","DF",25,46.1,176,55,2,"Y",0,0,598.3,0.180716482350554,1429
"1430",242405,"103_24",1,"WH",263,"TSHE","Western hemlock","WH",,1,9,,,"Y",,,0.1,1.70149453668247,1430
"1431",242405,"103_24",3,"RC",242,"THPL","Western redcedar","RC",47,21.2,82,70,3,"Y",0,0,62.5,0.272239125869195,1431
"1432",242405,"103_24",6,"DF",202,"PSME","Douglas-fir","DF",58,38.2,217,45,1,"Y",0,0,555.8,0.272239125869195,1432
"1433",242405,"103_24",9,"DF",202,"PSME","Douglas-fir","DF",52,29.4,28,0,2,"N",4,0,55.3,0.272239125869195,1433
"1434",242405,"103_24",2,"DF",202,"PSME","Douglas-fir","DF",64,44.6,225,35,1,"Y",0,0,742.7,0.272239125869195,1434
"1435",242405,"103_24",8,"RC",242,"THPL","Western redcedar","RC",56,19.5,100,45,3,"Y",0,0,67.7,0.272239125869195,1435
"1436",242405,"103_24",1,"WH",263,"TSHE","Western hemlock","WH",27,7.3,50,90,1,"Y",0,0,6.3,0.272239125869195,1436
"1437",242405,"103_24",5,"WH",263,"TSHE","Western hemlock","WH",3,12.6,59,55,1,"Y",0,0,20.3,0.272239125869195,1437
"1438",242405,"103_24",4,"WH",263,"TSHE","Western hemlock","WH",12,15.3,88,35,1,"Y",0,0,46.7,0.272239125869195,1438
"1439",242405,"103_24",7,"RC",242,"THPL","Western redcedar","RC",73,20.1,95,40,1,"Y",0,0,66.5,0.272239125869195,1439
"1440",242405,"103_A12",11,"RA",351,"ALRU","Red alder","RA",23,16.7,70,60,1,"Y",0,0,54.7,0.0454909031068319,1440
"1441",242405,"103_A12",1,"BM",312,"ACMA","Bigleaf maple","BM",,3,28,,,"Y",,,0.8,0.284318144417699,1441
"1442",242405,"103_A12",2,"BM",312,"ACMA","Bigleaf maple","BM",,4,34,,,"Y",,,1.7,0.284318144417699,1442
"1443",242405,"103_A12",4,"WH",263,"TSHE","Western hemlock","WH",41,11.3,69,75,1,"Y",0,0,20.5,0.0454909031068319,1443
"1444",242405,"103_A12",12,"DF",202,"PSME","Douglas-fir","DF",39,11.8,100,50,1,"Y",0,0,31.9,0.0454909031068319,1444
"1445",242405,"103_A12",5,"DF",202,"PSME","Douglas-fir","DF",25,80.7,260,45,1,"Y",0,0,1644.6,0.0454909031068319,1445
"1446",242405,"103_A12",6,"WH",263,"TSHE","Western hemlock","WH",59,10.2,62,50,3,"Y",0,0,14.9,0.0454909031068319,1446
"1447",242405,"103_A12",1,"BM",312,"ACMA","Bigleaf maple","BM",,3,28,,,"Y",,,0.8,0.284318144417699,1447
"1448",242405,"103_A12",8,"WH",263,"TSHE","Western hemlock","WH",47,22.8,115,55,1,"Y",0,0,125.5,0.0454909031068319,1448
"1449",242405,"103_A12",2,"BM",312,"ACMA","Bigleaf maple","BM",,4,34,,,"Y",,,1.7,0.284318144417699,1449
"1450",242405,"103_A12",13,"DF",202,"PSME","Douglas-fir","DF",49,10.1,75,50,1,"Y",0,0,17.2,0.0454909031068319,1450
"1451",242405,"103_A12",7,"WH",263,"TSHE","Western hemlock","WH",54,7,51,45,1,"Y",0,0,6,0.0454909031068319,1451
"1452",242405,"103_A12",9,"DF",202,"PSME","Douglas-fir","DF",1,19.8,13,0,2,"N",4,0,15.1,0.0454909031068319,1452
"1453",242405,"103_A12",2,"DF",202,"PSME","Douglas-fir","DF",42,68.1,250,45,1,"Y",0,0,1414.5,0.0454909031068319,1453
"1454",242405,"103_A12",10,"WH",263,"TSHE","Western hemlock","WH",4,19.2,111,75,1,"Y",0,0,90.2,0.0454909031068319,1454
"1455",242405,"103_A12",1,"BM",312,"ACMA","Bigleaf maple","BM",,3,28,,,"Y",,,0.8,0.284318144417699,1455
"1456",242405,"103_A12",3,"BM",312,"ACMA","Bigleaf maple","BM",18,11.2,57,50,1,"Y",0,0,22.5,0.0454909031068319,1456
"1457",242405,"103_A12",1,"BM",312,"ACMA","Bigleaf maple","BM",35,6.7,51,45,3,"Y",0,0,6.7,0.0454909031068319,1457
"1458",242405,"103_A15",2,"RC",242,"THPL","Western redcedar","RC",8,41.5,108,50,1,"Y",0,0,278.9,0.0455561026794276,1458
"1459",242405,"103_A15",5,"IC",81,"LIDE2","Incense-cedar","OtherConifers",31,30.4,110,50,1,"Y",0,0,154.9,0.0455561026794276,1459
"1460",242405,"103_A15",4,"DF",202,"PSME","Douglas-fir","DF",57,30.4,180,45,1,"Y",0,0,310.9,0.0455561026794276,1460
"1461",242405,"103_A15",1,"DF",202,"PSME","Douglas-fir","DF",34,44.4,133,0,2,"N",2,0,390,0.0455561026794276,1461
"1462",242405,"103_A15",6,"DF",202,"PSME","Douglas-fir","DF",8,11.2,22,0,2,"N",3,0,7.6,0.0455561026794276,1462
"1463",242405,"103_A15",3,"DF",202,"PSME","Douglas-fir","DF",5,25.6,44,0,2,"N",4,0,51.9,0.0455561026794276,1463
