"","OI_KEY","Plot_ID","TREE_IN_PLOT","SPoriginal","Num.Code","NRCS.Code","Common.Name","SP_SWO","INC","DBH","THT","CR","TOP","LIVE","DECAY","NEST","VOLUME","perAcreArea_raster2","Tree_Id"
"1",240591,"11_14",1,"TO",631,"LIDE3","Tanoak","TO",,1,8,,,"Y",,,0,0.356467332210411,1
"2",240591,"11_14",3,"TO",631,"LIDE3","Tanoak","TO",,3,18,,,"Y",,,0.6,0.356467332210411,2
"3",240591,"11_14",4,"TO",631,"LIDE3","Tanoak","TO",,4,21,,,"Y",,,1.2,0.356467332210411,3
"4",240591,"11_14",1,"TO",631,"LIDE3","Tanoak","TO",,1,8,,,"Y",,,0,0.356467332210411,4
"5",240591,"11_14",1,"TO",631,"LIDE3","Tanoak","TO",,1,8,,,"Y",,,0,0.356467332210411,5
"6",240591,"11_14",4,"TO",631,"LIDE3","Tanoak","TO",,4,21,,,"Y",,,1.2,0.356467332210411,6
"7",240591,"11_14",1,"TO",631,"LIDE3","Tanoak","TO",,1,8,,,"Y",,,0,0.356467332210411,7
"8",240591,"11_14",1,"TO",631,"LIDE3","Tanoak","TO",,1,8,,,"Y",,,0,0.356467332210411,8
"9",240591,"11_14",1,"TO",631,"LIDE3","Tanoak","TO",,1,8,,,"Y",,,0,0.356467332210411,9
"10",240591,"11_14",1,"TO",631,"LIDE3","Tanoak","TO",,1,8,,,"Y",,,0,0.356467332210411,10
"11",240591,"11_14",1,"TO",631,"LIDE3","Tanoak","TO",,1,8,,,"Y",,,0,0.356467332210411,11
"12",240591,"11_14",2,"TO",631,"LIDE3","Tanoak","TO",,2,16,,,"Y",,,0.2,0.356467332210411,12
"13",240591,"11_14",3,"TO",631,"LIDE3","Tanoak","TO",,3,18,,,"Y",,,0.6,0.356467332210411,13
"14",240591,"11_14",9,"DF",202,"PSME","Douglas-fir","DF",62,9,37,85,1,"Y",0,0,6.7,0.0570347731536658,14
"15",240591,"11_14",3,"TO",631,"LIDE3","Tanoak","TO",,3,18,,,"Y",,,0.6,0.356467332210411,15
"16",240591,"11_14",2,"TO",631,"LIDE3","Tanoak","TO",,2,16,,,"Y",,,0.2,0.356467332210411,16
"17",240591,"11_14",2,"TO",631,"LIDE3","Tanoak","TO",,2,16,,,"Y",,,0.2,0.356467332210411,17
"18",240591,"11_14",1,"TO",631,"LIDE3","Tanoak","TO",,1,8,,,"Y",,,0,0.356467332210411,18
"19",240591,"11_14",3,"TO",631,"LIDE3","Tanoak","TO",,3,18,,,"Y",,,0.6,0.356467332210411,19
"20",240591,"11_14",1,"TO",631,"LIDE3","Tanoak","TO",,1,8,,,"Y",,,0,0.356467332210411,20
"21",240591,"11_14",2,"TO",631,"LIDE3","Tanoak","TO",,2,16,,,"Y",,,0.2,0.356467332210411,21
"22",240591,"11_14",3,"DF",202,"PSME","Douglas-fir","DF",45,6.9,34,85,1,"Y",0,0,3.7,0.0570347731536658,22
"23",240591,"11_14",1,"TO",631,"LIDE3","Tanoak","TO",,1,8,,,"Y",,,0,0.356467332210411,23
"24",240591,"11_14",1,"TO",631,"LIDE3","Tanoak","TO",,1,8,,,"Y",,,0,0.356467332210411,24
"25",240591,"11_14",2,"TO",631,"LIDE3","Tanoak","TO",,2,16,,,"Y",,,0.2,0.356467332210411,25
"26",240591,"11_14",1,"TO",631,"LIDE3","Tanoak","TO",,1,8,,,"Y",,,0,0.356467332210411,26
"27",240591,"11_14",7,"DF",202,"PSME","Douglas-fir","DF",2,8.1,44,85,1,"Y",0,0,6.4,0.0570347731536658,27
"28",240591,"11_14",1,"TO",631,"LIDE3","Tanoak","TO",,1,8,,,"Y",,,0,0.356467332210411,28
"29",240591,"11_14",1,"TO",631,"LIDE3","Tanoak","TO",,1,8,,,"Y",,,0,0.356467332210411,29
"30",240591,"11_14",1,"TO",631,"LIDE3","Tanoak","TO",,1,8,,,"Y",,,0,0.356467332210411,30
"31",240591,"11_14",2,"TO",631,"LIDE3","Tanoak","TO",,2,16,,,"Y",,,0.2,0.356467332210411,31
"32",240591,"11_14",1,"TO",631,"LIDE3","Tanoak","TO",,1,8,,,"Y",,,0,0.356467332210411,32
"33",240591,"11_14",1,"TO",631,"LIDE3","Tanoak","TO",,1,8,,,"Y",,,0,0.356467332210411,33
"34",240591,"11_14",2,"TO",631,"LIDE3","Tanoak","TO",,2,16,,,"Y",,,0.2,0.356467332210411,34
"35",240591,"11_14",1,"TO",631,"LIDE3","Tanoak","TO",,1,8,,,"Y",,,0,0.356467332210411,35
"36",240591,"11_14",1,"TO",631,"LIDE3","Tanoak","TO",,1,8,,,"Y",,,0,0.356467332210411,36
"37",240591,"11_14",5,"DF",202,"PSME","Douglas-fir","DF",35,6.4,26,85,1,"Y",0,0,2.7,0.0570347731536658,37
"38",240591,"11_14",1,"TO",631,"LIDE3","Tanoak","TO",,1,8,,,"Y",,,0,0.356467332210411,38
"39",240591,"11_14",6,"DF",202,"PSME","Douglas-fir","DF",27,6.5,39,80,1,"Y",0,0,3.8,0.0570347731536658,39
"40",240591,"11_14",1,"TO",631,"LIDE3","Tanoak","TO",,1,8,,,"Y",,,0,0.356467332210411,40
"41",240591,"11_14",1,"TO",631,"LIDE3","Tanoak","TO",,1,8,,,"Y",,,0,0.356467332210411,41
"42",240591,"11_14",1,"TO",631,"LIDE3","Tanoak","TO",,1,8,,,"Y",,,0,0.356467332210411,42
"43",240591,"11_14",1,"TO",631,"LIDE3","Tanoak","TO",,1,8,,,"Y",,,0,0.356467332210411,43
"44",240591,"11_14",1,"TO",631,"LIDE3","Tanoak","TO",,1,8,,,"Y",,,0,0.356467332210411,44
"45",240591,"11_14",4,"TO",631,"LIDE3","Tanoak","TO",,4,21,,,"Y",,,1.2,0.356467332210411,45
"46",240591,"11_14",16,"DF",202,"PSME","Douglas-fir","DF",74,8.1,40,85,1,"Y",0,0,5.8,0.0570347731536658,46
"47",240591,"11_14",1,"TO",631,"LIDE3","Tanoak","TO",,1,8,,,"Y",,,0,0.356467332210411,47
"48",240591,"11_14",1,"TO",631,"LIDE3","Tanoak","TO",,1,8,,,"Y",,,0,0.356467332210411,48
"49",240591,"11_14",2,"TO",631,"LIDE3","Tanoak","TO",,2,16,,,"Y",,,0.2,0.356467332210411,49
"50",240591,"11_14",17,"DF",202,"PSME","Douglas-fir","DF",76,8.2,41,85,1,"Y",0,0,6.1,0.0570347731536658,50
"51",240591,"11_14",3,"TO",631,"LIDE3","Tanoak","TO",,3,18,,,"Y",,,0.6,0.356467332210411,51
"52",240591,"11_14",8,"DF",202,"PSME","Douglas-fir","DF",35,7.6,37,85,1,"Y",0,0,4.8,0.0570347731536658,52
"53",240591,"11_14",3,"TO",631,"LIDE3","Tanoak","TO",,3,18,,,"Y",,,0.6,0.356467332210411,53
"54",240591,"11_14",3,"TO",631,"LIDE3","Tanoak","TO",,3,18,,,"Y",,,0.6,0.356467332210411,54
"55",240591,"11_14",3,"TO",631,"LIDE3","Tanoak","TO",,3,18,,,"Y",,,0.6,0.356467332210411,55
"56",240591,"11_14",1,"TO",631,"LIDE3","Tanoak","TO",,1,8,,,"Y",,,0,0.356467332210411,56
"57",240591,"11_14",4,"TO",631,"LIDE3","Tanoak","TO",,4,21,,,"Y",,,1.2,0.356467332210411,57
"58",240591,"11_14",1,"DF",202,"PSME","Douglas-fir","DF",80,8,46,80,1,"Y",0,0,6.5,0.0570347731536658,58
"59",240591,"11_14",1,"TO",631,"LIDE3","Tanoak","TO",,1,8,,,"Y",,,0,0.356467332210411,59
"60",240591,"11_14",1,"TO",631,"LIDE3","Tanoak","TO",,1,8,,,"Y",,,0,0.356467332210411,60
"61",240591,"11_14",1,"TO",631,"LIDE3","Tanoak","TO",,1,8,,,"Y",,,0,0.356467332210411,61
"62",240591,"11_14",1,"TO",631,"LIDE3","Tanoak","TO",,1,8,,,"Y",,,0,0.356467332210411,62
"63",240591,"11_14",2,"TO",631,"LIDE3","Tanoak","TO",,2,16,,,"Y",,,0.2,0.356467332210411,63
"64",240591,"11_14",2,"TO",631,"LIDE3","Tanoak","TO",,2,16,,,"Y",,,0.2,0.356467332210411,64
"65",240591,"11_14",2,"TO",631,"LIDE3","Tanoak","TO",,2,16,,,"Y",,,0.2,0.356467332210411,65
"66",240591,"11_14",1,"TO",631,"LIDE3","Tanoak","TO",,1,8,,,"Y",,,0,0.356467332210411,66
"67",240591,"11_14",2,"TO",631,"LIDE3","Tanoak","TO",,2,16,,,"Y",,,0.2,0.356467332210411,67
"68",240591,"11_14",1,"TO",631,"LIDE3","Tanoak","TO",,1,8,,,"Y",,,0,0.356467332210411,68
"69",240591,"11_14",2,"TO",631,"LIDE3","Tanoak","TO",,2,16,,,"Y",,,0.2,0.356467332210411,69
"70",240591,"11_14",1,"TO",631,"LIDE3","Tanoak","TO",,1,8,,,"Y",,,0,0.356467332210411,70
"71",240591,"11_14",15,"DF",202,"PSME","Douglas-fir","DF",54,10.3,38,80,1,"Y",0,0,8.8,0.0570347731536658,71
"72",240591,"11_14",1,"TO",631,"LIDE3","Tanoak","TO",,1,8,,,"Y",,,0,0.356467332210411,72
"73",240591,"11_14",14,"DF",202,"PSME","Douglas-fir","DF",11,10.2,38,85,1,"Y",0,0,8.7,0.0570347731536658,73
"74",240591,"11_14",3,"TO",631,"LIDE3","Tanoak","TO",,3,18,,,"Y",,,0.6,0.356467332210411,74
"75",240591,"11_14",4,"DF",202,"PSME","Douglas-fir","DF",50,6.7,23,80,1,"Y",0,0,2.8,0.0570347731536658,75
"76",240591,"11_14",1,"TO",631,"LIDE3","Tanoak","TO",,1,8,,,"Y",,,0,0.356467332210411,76
"77",240591,"11_14",1,"TO",631,"LIDE3","Tanoak","TO",,1,8,,,"Y",,,0,0.356467332210411,77
"78",240591,"11_14",13,"DF",202,"PSME","Douglas-fir","DF",19,9.8,33,0,2,"N",2,0,7.3,0.0570347731536658,78
"79",240591,"11_14",2,"TO",631,"LIDE3","Tanoak","TO",,2,16,,,"Y",,,0.2,0.356467332210411,79
"80",240591,"11_14",12,"DF",202,"PSME","Douglas-fir","DF",10,10.1,43,85,1,"Y",0,0,9.4,0.0570347731536658,80
"81",240591,"11_14",10,"DF",202,"PSME","Douglas-fir","DF",61,10.4,42,85,1,"Y",0,0,9.8,0.0570347731536658,81
"82",240591,"11_14",2,"DF",202,"PSME","Douglas-fir","DF",79,5.8,25,80,1,"Y",0,0,2.1,0.0570347731536658,82
"83",240591,"11_14",1,"TO",631,"LIDE3","Tanoak","TO",,1,8,,,"Y",,,0,0.356467332210411,83
"84",240591,"11_14",11,"DF",202,"PSME","Douglas-fir","DF",23,8.9,39,85,1,"Y",0,0,6.8,0.0570347731536658,84
"85",240591,"11_19",2,"DF",202,"PSME","Douglas-fir","DF",,2,17,,,"Y",,,0.2,0.0594203014417849,85
"86",240591,"11_19",2,"DF",202,"PSME","Douglas-fir","DF",,2,17,,,"Y",,,0.2,0.0594203014417849,86
"87",240591,"11_19",1,"DF",202,"PSME","Douglas-fir","DF",11,6.3,32,45,1,"Y",0,0,3,0.00950724823068559,87
"88",240591,"11_19",1,"DF",202,"PSME","Douglas-fir","DF",,3,13,,,"Y",,,0.3,0.0594203014417849,88
"89",240591,"11_19",1,"DF",202,"PSME","Douglas-fir","DF",,3,13,,,"Y",,,0.3,0.0594203014417849,89
"90",240591,"11_19",2,"DF",202,"PSME","Douglas-fir","DF",,2,17,,,"Y",,,0.2,0.0594203014417849,90
"91",240591,"11_19",1,"DF",202,"PSME","Douglas-fir","DF",,3,13,,,"Y",,,0.3,0.0594203014417849,91
"92",240591,"12_05",1,"OM",981,"UMCA","Oregon myrtle","OM",,1,11,,,"Y",,,0,0.358289852961128,92
"93",240591,"12_05",3,"DF",202,"PSME","Douglas-fir","DF",50,9,35,85,1,"Y",0,0,6.4,0.0573263764737804,93
"94",240591,"12_05",1,"OM",981,"UMCA","Oregon myrtle","OM",,1,11,,,"Y",,,0,0.358289852961128,94
"95",240591,"12_05",1,"OM",981,"UMCA","Oregon myrtle","OM",,1,11,,,"Y",,,0,0.358289852961128,95
"96",240591,"12_05",1,"OM",981,"UMCA","Oregon myrtle","OM",,1,11,,,"Y",,,0,0.358289852961128,96
"97",240591,"12_05",10,"DF",202,"PSME","Douglas-fir","DF",48,7.1,36,85,1,"Y",0,0,4.2,0.0573263764737804,97
"98",240591,"12_05",1,"OM",981,"UMCA","Oregon myrtle","OM",,1,11,,,"Y",,,0,0.358289852961128,98
"99",240591,"12_05",1,"OM",981,"UMCA","Oregon myrtle","OM",,1,11,,,"Y",,,0,0.358289852961128,99
"100",240591,"12_05",1,"OM",981,"UMCA","Oregon myrtle","OM",,1,11,,,"Y",,,0,0.358289852961128,100
"101",240591,"12_05",1,"OM",981,"UMCA","Oregon myrtle","OM",,1,11,,,"Y",,,0,0.358289852961128,101
"102",240591,"12_05",1,"OM",981,"UMCA","Oregon myrtle","OM",,1,11,,,"Y",,,0,0.358289852961128,102
"103",240591,"12_05",1,"OM",981,"UMCA","Oregon myrtle","OM",,1,11,,,"Y",,,0,0.358289852961128,103
"104",240591,"12_05",1,"OM",981,"UMCA","Oregon myrtle","OM",,1,11,,,"Y",,,0,0.358289852961128,104
"105",240591,"12_05",1,"OM",981,"UMCA","Oregon myrtle","OM",,1,11,,,"Y",,,0,0.358289852961128,105
"106",240591,"12_05",1,"OM",981,"UMCA","Oregon myrtle","OM",,1,11,,,"Y",,,0,0.358289852961128,106
"107",240591,"12_05",1,"OM",981,"UMCA","Oregon myrtle","OM",,1,11,,,"Y",,,0,0.358289852961128,107
"108",240591,"12_05",1,"OM",981,"UMCA","Oregon myrtle","OM",,1,11,,,"Y",,,0,0.358289852961128,108
"109",240591,"12_05",1,"OM",981,"UMCA","Oregon myrtle","OM",,1,11,,,"Y",,,0,0.358289852961128,109
"110",240591,"12_05",1,"OM",981,"UMCA","Oregon myrtle","OM",,1,11,,,"Y",,,0,0.358289852961128,110
"111",240591,"12_05",6,"DF",202,"PSME","Douglas-fir","DF",14,10,48,85,1,"Y",0,0,10.2,0.0573263764737804,111
"112",240591,"12_05",8,"DF",202,"PSME","Douglas-fir","DF",40,7.6,34,85,1,"Y",0,0,4.5,0.0573263764737804,112
"113",240591,"12_05",9,"DF",202,"PSME","Douglas-fir","DF",48,8.5,48,85,1,"Y",0,0,7.6,0.0573263764737804,113
"114",240591,"12_05",1,"OM",981,"UMCA","Oregon myrtle","OM",,1,11,,,"Y",,,0,0.358289852961128,114
"115",240591,"12_05",3,"OM",981,"UMCA","Oregon myrtle","OM",,2,18,,,"Y",,,0.2,0.358289852961128,115
"116",240591,"12_05",1,"OM",981,"UMCA","Oregon myrtle","OM",,1,11,,,"Y",,,0,0.358289852961128,116
"117",240591,"12_05",1,"OM",981,"UMCA","Oregon myrtle","OM",,1,11,,,"Y",,,0,0.358289852961128,117
"118",240591,"12_05",1,"OM",981,"UMCA","Oregon myrtle","OM",,1,11,,,"Y",,,0,0.358289852961128,118
"119",240591,"12_05",7,"DF",202,"PSME","Douglas-fir","DF",38,6.3,33,85,1,"Y",0,0,3.1,0.0573263764737804,119
"120",240591,"12_05",1,"OM",981,"UMCA","Oregon myrtle","OM",,1,11,,,"Y",,,0,0.358289852961128,120
"121",240591,"12_05",4,"DF",202,"PSME","Douglas-fir","DF",43,8.7,36,85,1,"Y",0,0,6.1,0.0573263764737804,121
"122",240591,"12_05",1,"OM",981,"UMCA","Oregon myrtle","OM",,1,11,,,"Y",,,0,0.358289852961128,122
"123",240591,"12_05",1,"OM",981,"UMCA","Oregon myrtle","OM",,1,11,,,"Y",,,0,0.358289852961128,123
"124",240591,"12_05",1,"OM",981,"UMCA","Oregon myrtle","OM",,1,11,,,"Y",,,0,0.358289852961128,124
"125",240591,"12_05",1,"OM",981,"UMCA","Oregon myrtle","OM",,1,11,,,"Y",,,0,0.358289852961128,125
"126",240591,"12_05",1,"OM",981,"UMCA","Oregon myrtle","OM",,1,11,,,"Y",,,0,0.358289852961128,126
"127",240591,"12_05",1,"OM",981,"UMCA","Oregon myrtle","OM",,1,11,,,"Y",,,0,0.358289852961128,127
"128",240591,"12_05",1,"OM",981,"UMCA","Oregon myrtle","OM",,1,11,,,"Y",,,0,0.358289852961128,128
"129",240591,"12_05",1,"OM",981,"UMCA","Oregon myrtle","OM",,1,11,,,"Y",,,0,0.358289852961128,129
"130",240591,"12_05",1,"OM",981,"UMCA","Oregon myrtle","OM",,1,11,,,"Y",,,0,0.358289852961128,130
"131",240591,"12_05",1,"OM",981,"UMCA","Oregon myrtle","OM",,1,11,,,"Y",,,0,0.358289852961128,131
"132",240591,"12_05",1,"OM",981,"UMCA","Oregon myrtle","OM",,1,11,,,"Y",,,0,0.358289852961128,132
"133",240591,"12_05",1,"OM",981,"UMCA","Oregon myrtle","OM",,1,11,,,"Y",,,0,0.358289852961128,133
"134",240591,"12_05",1,"OM",981,"UMCA","Oregon myrtle","OM",,1,11,,,"Y",,,0,0.358289852961128,134
"135",240591,"12_05",1,"OM",981,"UMCA","Oregon myrtle","OM",,1,11,,,"Y",,,0,0.358289852961128,135
"136",240591,"12_05",1,"OM",981,"UMCA","Oregon myrtle","OM",,1,11,,,"Y",,,0,0.358289852961128,136
"137",240591,"12_05",1,"OM",981,"UMCA","Oregon myrtle","OM",,1,11,,,"Y",,,0,0.358289852961128,137
"138",240591,"12_05",2,"OM",981,"UMCA","Oregon myrtle","OM",,4,24,,,"Y",,,1,0.358289852961128,138
"139",240591,"12_05",1,"OM",981,"UMCA","Oregon myrtle","OM",,1,11,,,"Y",,,0,0.358289852961128,139
"140",240591,"12_05",2,"DF",202,"PSME","Douglas-fir","DF",1,13.1,51,85,1,"Y",0,0,17.8,0.0573263764737804,140
"141",240591,"12_05",5,"DF",202,"PSME","Douglas-fir","DF",14,7.5,36,85,1,"Y",0,0,4.6,0.0573263764737804,141
"142",240591,"12_05",1,"OM",981,"UMCA","Oregon myrtle","OM",,1,11,,,"Y",,,0,0.358289852961128,142
"143",240591,"12_05",1,"OM",981,"UMCA","Oregon myrtle","OM",,1,11,,,"Y",,,0,0.358289852961128,143
"144",240591,"12_05",11,"DF",202,"PSME","Douglas-fir","DF",40,9.6,43,85,1,"Y",0,0,8.6,0.0573263764737804,144
"145",240591,"12_05",1,"OM",981,"UMCA","Oregon myrtle","OM",,1,11,,,"Y",,,0,0.358289852961128,145
"146",240591,"12_05",3,"OM",981,"UMCA","Oregon myrtle","OM",,2,18,,,"Y",,,0.2,0.358289852961128,146
"147",240591,"12_05",1,"DF",202,"PSME","Douglas-fir","DF",15,9.6,49,85,1,"Y",0,0,9.7,0.0573263764737804,147
"148",240591,"12_05",1,"OM",981,"UMCA","Oregon myrtle","OM",,1,11,,,"Y",,,0,0.358289852961128,148
"149",240591,"12_05",1,"OM",981,"UMCA","Oregon myrtle","OM",,1,11,,,"Y",,,0,0.358289852961128,149
"150",240591,"12_05",1,"OM",981,"UMCA","Oregon myrtle","OM",,1,11,,,"Y",,,0,0.358289852961128,150
"151",240591,"12_05",1,"OM",981,"UMCA","Oregon myrtle","OM",,1,11,,,"Y",,,0,0.358289852961128,151
"152",240591,"12_05",1,"OM",981,"UMCA","Oregon myrtle","OM",,1,11,,,"Y",,,0,0.358289852961128,152
"153",240591,"12_05",1,"OM",981,"UMCA","Oregon myrtle","OM",,1,11,,,"Y",,,0,0.358289852961128,153
"154",240591,"12_A05",1,"GC",431,"CACH","Golden chinkapin","OtherBroadLeaved",,1,9,,,"Y",,,0,0.609403041230028,154
"155",240591,"12_A05",2,"WH",263,"TSHE","Western hemlock","WH",,1,13,,,"Y",,,0.1,0.609403041230028,155
"156",240591,"12_A05",1,"GC",431,"CACH","Golden chinkapin","OtherBroadLeaved",,1,9,,,"Y",,,0,0.609403041230028,156
"157",240591,"12_A05",1,"GC",431,"CACH","Golden chinkapin","OtherBroadLeaved",,1,9,,,"Y",,,0,0.609403041230028,157
"158",240591,"12_A05",1,"GC",431,"CACH","Golden chinkapin","OtherBroadLeaved",,1,9,,,"Y",,,0,0.609403041230028,158
"159",240591,"12_A05",7,"DF",202,"PSME","Douglas-fir","DF",35,9.4,52,85,1,"Y",0,0,9.9,0.0975044865968045,159
"160",240591,"12_A05",1,"GC",431,"CACH","Golden chinkapin","OtherBroadLeaved",,1,9,,,"Y",,,0,0.609403041230028,160
"161",240591,"12_A05",8,"DF",202,"PSME","Douglas-fir","DF",26,10,57,80,1,"Y",0,0,12.2,0.0975044865968045,161
"162",240591,"12_A05",6,"DF",202,"PSME","Douglas-fir","DF",29,11.7,64,85,1,"Y",0,0,18.4,0.0975044865968045,162
"163",240591,"12_A05",1,"GC",431,"CACH","Golden chinkapin","OtherBroadLeaved",,1,9,,,"Y",,,0,0.609403041230028,163
"164",240591,"12_A05",1,"GC",431,"CACH","Golden chinkapin","OtherBroadLeaved",,1,9,,,"Y",,,0,0.609403041230028,164
"165",240591,"12_A05",1,"GC",431,"CACH","Golden chinkapin","OtherBroadLeaved",,1,9,,,"Y",,,0,0.609403041230028,165
"166",240591,"12_A05",1,"GC",431,"CACH","Golden chinkapin","OtherBroadLeaved",,1,9,,,"Y",,,0,0.609403041230028,166
"167",240591,"12_A05",1,"GC",431,"CACH","Golden chinkapin","OtherBroadLeaved",,1,9,,,"Y",,,0,0.609403041230028,167
"168",240591,"12_A05",1,"GC",431,"CACH","Golden chinkapin","OtherBroadLeaved",,1,9,,,"Y",,,0,0.609403041230028,168
"169",240591,"12_A05",1,"GC",431,"CACH","Golden chinkapin","OtherBroadLeaved",,1,9,,,"Y",,,0,0.609403041230028,169
"170",240591,"12_A05",3,"DF",202,"PSME","Douglas-fir","DF",,1,11,,,"Y",,,0,0.609403041230028,170
"171",240591,"12_A05",1,"GC",431,"CACH","Golden chinkapin","OtherBroadLeaved",,1,9,,,"Y",,,0,0.609403041230028,171
"172",240591,"12_A05",4,"GC",431,"CACH","Golden chinkapin","OtherBroadLeaved",,2,15,,,"Y",,,0.2,0.609403041230028,172
"173",240591,"12_A05",1,"GC",431,"CACH","Golden chinkapin","OtherBroadLeaved",,1,9,,,"Y",,,0,0.609403041230028,173
"174",240591,"12_A05",1,"GC",431,"CACH","Golden chinkapin","OtherBroadLeaved",,1,9,,,"Y",,,0,0.609403041230028,174
"175",240591,"12_A05",2,"DF",202,"PSME","Douglas-fir","DF",45,7,44,85,1,"Y",0,0,4.9,0.0975044865968045,175
"176",240591,"12_A05",3,"DF",202,"PSME","Douglas-fir","DF",,1,11,,,"Y",,,0,0.609403041230028,176
"177",240591,"12_A05",1,"GC",431,"CACH","Golden chinkapin","OtherBroadLeaved",,1,9,,,"Y",,,0,0.609403041230028,177
"178",240591,"12_A05",5,"DF",202,"PSME","Douglas-fir","DF",19,11.6,55,85,1,"Y",0,0,15.4,0.0975044865968045,178
"179",240591,"12_A05",1,"GC",431,"CACH","Golden chinkapin","OtherBroadLeaved",,1,9,,,"Y",,,0,0.609403041230028,179
"180",240591,"12_A05",4,"GC",431,"CACH","Golden chinkapin","OtherBroadLeaved",,2,15,,,"Y",,,0.2,0.609403041230028,180
"181",240591,"12_A05",1,"GC",431,"CACH","Golden chinkapin","OtherBroadLeaved",,1,9,,,"Y",,,0,0.609403041230028,181
"182",240591,"12_A05",1,"GC",431,"CACH","Golden chinkapin","OtherBroadLeaved",,1,9,,,"Y",,,0,0.609403041230028,182
"183",240591,"12_A05",5,"PY",231,"TABR","Pacific yew","OtherConifers",,2,10,,,"Y",,,0.1,0.609403041230028,183
"184",240591,"12_A05",1,"GC",431,"CACH","Golden chinkapin","OtherBroadLeaved",,1,9,,,"Y",,,0,0.609403041230028,184
"185",240591,"12_A05",1,"GC",431,"CACH","Golden chinkapin","OtherBroadLeaved",,1,9,,,"Y",,,0,0.609403041230028,185
"186",240591,"12_A05",1,"GC",431,"CACH","Golden chinkapin","OtherBroadLeaved",,1,9,,,"Y",,,0,0.609403041230028,186
"187",240591,"12_A05",4,"DF",202,"PSME","Douglas-fir","DF",69,9.5,51,85,1,"Y",0,0,9.9,0.0975044865968045,187
"188",240591,"12_A05",1,"GC",431,"CACH","Golden chinkapin","OtherBroadLeaved",,1,9,,,"Y",,,0,0.609403041230028,188
"189",240591,"12_A05",1,"GC",431,"CACH","Golden chinkapin","OtherBroadLeaved",,1,9,,,"Y",,,0,0.609403041230028,189
"190",240591,"12_A05",1,"GC",431,"CACH","Golden chinkapin","OtherBroadLeaved",,1,9,,,"Y",,,0,0.609403041230028,190
"191",240591,"12_A05",1,"GC",431,"CACH","Golden chinkapin","OtherBroadLeaved",,1,9,,,"Y",,,0,0.609403041230028,191
"192",240591,"12_A05",1,"DF",202,"PSME","Douglas-fir","DF",21,6.6,47,75,1,"Y",0,0,4.6,0.0975044865968045,192
"193",240591,"12_A05",3,"DF",202,"PSME","Douglas-fir","DF",64,8,48,85,1,"Y",0,0,6.8,0.0975044865968045,193
"194",240591,"12_A05",1,"GC",431,"CACH","Golden chinkapin","OtherBroadLeaved",,1,9,,,"Y",,,0,0.609403041230028,194
"195",240591,"12_A05",4,"GC",431,"CACH","Golden chinkapin","OtherBroadLeaved",,2,15,,,"Y",,,0.2,0.609403041230028,195
"196",240591,"12_A05",1,"GC",431,"CACH","Golden chinkapin","OtherBroadLeaved",,1,9,,,"Y",,,0,0.609403041230028,196
"197",240591,"12_A05",1,"GC",431,"CACH","Golden chinkapin","OtherBroadLeaved",,1,9,,,"Y",,,0,0.609403041230028,197
"198",240591,"12_A13",1,"DF",202,"PSME","Douglas-fir","DF",27,7.6,46,80,1,"Y",0,0,5.9,0.0384427720678159,198
"199",240591,"12_A13",3,"DF",202,"PSME","Douglas-fir","DF",14,6.9,43,75,1,"Y",0,0,4.6,0.0384427720678159,199
"200",240591,"12_A13",5,"DF",202,"PSME","Douglas-fir","DF",20,8,52,80,1,"Y",0,0,7.4,0.0384427720678159,200
"201",240591,"12_A13",1,"TO",631,"LIDE3","Tanoak","TO",,1,11,,,"Y",,,0,0.240267325423849,201
"202",240591,"12_A13",1,"TO",631,"LIDE3","Tanoak","TO",,1,11,,,"Y",,,0,0.240267325423849,202
"203",240591,"12_A13",1,"TO",631,"LIDE3","Tanoak","TO",,1,11,,,"Y",,,0,0.240267325423849,203
"204",240591,"12_A13",4,"GC",431,"CACH","Golden chinkapin","OtherBroadLeaved",,4,24,,,"Y",,,1,0.240267325423849,204
"205",240591,"12_A13",1,"TO",631,"LIDE3","Tanoak","TO",,1,11,,,"Y",,,0,0.240267325423849,205
"206",240591,"12_A13",17,"DF",202,"PSME","Douglas-fir","DF",30,6.7,46,80,1,"Y",0,0,4.7,0.0384427720678159,206
"207",240591,"12_A13",1,"TO",631,"LIDE3","Tanoak","TO",,1,11,,,"Y",,,0,0.240267325423849,207
"208",240591,"12_A13",3,"GC",431,"CACH","Golden chinkapin","OtherBroadLeaved",,1,11,,,"Y",,,0,0.240267325423849,208
"209",240591,"12_A13",6,"DF",202,"PSME","Douglas-fir","DF",,1,9,,,"Y",,,0.1,0.240267325423849,209
"210",240591,"12_A13",4,"DF",202,"PSME","Douglas-fir","DF",10,9.2,54,80,1,"Y",0,0,9.9,0.0384427720678159,210
"211",240591,"12_A13",1,"TO",631,"LIDE3","Tanoak","TO",,1,11,,,"Y",,,0,0.240267325423849,211
"212",240591,"12_A13",11,"DF",202,"PSME","Douglas-fir","DF",16,7,43,80,1,"Y",0,0,4.7,0.0384427720678159,212
"213",240591,"12_A13",3,"GC",431,"CACH","Golden chinkapin","OtherBroadLeaved",,1,11,,,"Y",,,0,0.240267325423849,213
"214",240591,"12_A13",1,"TO",631,"LIDE3","Tanoak","TO",,1,11,,,"Y",,,0,0.240267325423849,214
"215",240591,"12_A13",13,"DF",202,"PSME","Douglas-fir","DF",9,6.2,39,80,1,"Y",0,0,3.4,0.0384427720678159,215
"216",240591,"12_A13",2,"TO",631,"LIDE3","Tanoak","TO",,2,14,,,"Y",,,0.2,0.240267325423849,216
"217",240591,"12_A13",1,"TO",631,"LIDE3","Tanoak","TO",,1,11,,,"Y",,,0,0.240267325423849,217
"218",240591,"12_A13",15,"DF",202,"PSME","Douglas-fir","DF",40,7.3,44,80,1,"Y",0,0,5.3,0.0384427720678159,218
"219",240591,"12_A13",14,"DF",202,"PSME","Douglas-fir","DF",24,7.2,46,80,1,"Y",0,0,5.4,0.0384427720678159,219
"220",240591,"12_A13",16,"DF",202,"PSME","Douglas-fir","DF",39,7.5,44,80,1,"Y",0,0,5.5,0.0384427720678159,220
"221",240591,"12_A13",1,"TO",631,"LIDE3","Tanoak","TO",,1,11,,,"Y",,,0,0.240267325423849,221
"222",240591,"12_A13",7,"DF",202,"PSME","Douglas-fir","DF",48,7.7,47,80,1,"Y",0,0,6.2,0.0384427720678159,222
"223",240591,"12_A13",1,"TO",631,"LIDE3","Tanoak","TO",,1,11,,,"Y",,,0,0.240267325423849,223
"224",240591,"12_A13",3,"GC",431,"CACH","Golden chinkapin","OtherBroadLeaved",,1,11,,,"Y",,,0,0.240267325423849,224
"225",240591,"12_A13",1,"TO",631,"LIDE3","Tanoak","TO",,1,11,,,"Y",,,0,0.240267325423849,225
"226",240591,"12_A13",1,"TO",631,"LIDE3","Tanoak","TO",,1,11,,,"Y",,,0,0.240267325423849,226
"227",240591,"12_A13",1,"TO",631,"LIDE3","Tanoak","TO",,1,11,,,"Y",,,0,0.240267325423849,227
"228",240591,"12_A13",3,"GC",431,"CACH","Golden chinkapin","OtherBroadLeaved",,1,11,,,"Y",,,0,0.240267325423849,228
"229",240591,"12_A13",1,"TO",631,"LIDE3","Tanoak","TO",,1,11,,,"Y",,,0,0.240267325423849,229
"230",240591,"12_A13",3,"GC",431,"CACH","Golden chinkapin","OtherBroadLeaved",,1,11,,,"Y",,,0,0.240267325423849,230
"231",240591,"12_A13",6,"DF",202,"PSME","Douglas-fir","DF",38,10.3,57,80,1,"Y",0,0,12.9,0.0384427720678159,231
"232",240591,"12_A13",8,"DF",202,"PSME","Douglas-fir","DF",36,7.1,50,80,1,"Y",0,0,5.7,0.0384427720678159,232
"233",240591,"12_A13",1,"TO",631,"LIDE3","Tanoak","TO",,1,11,,,"Y",,,0,0.240267325423849,233
"234",240591,"12_A13",2,"DF",202,"PSME","Douglas-fir","DF",16,7.2,46,75,1,"Y",0,0,5.4,0.0384427720678159,234
"235",240591,"12_A13",1,"TO",631,"LIDE3","Tanoak","TO",,1,11,,,"Y",,,0,0.240267325423849,235
"236",240591,"12_A13",1,"TO",631,"LIDE3","Tanoak","TO",,1,11,,,"Y",,,0,0.240267325423849,236
"237",240591,"12_A13",1,"TO",631,"LIDE3","Tanoak","TO",,1,11,,,"Y",,,0,0.240267325423849,237
"238",240591,"12_A13",3,"GC",431,"CACH","Golden chinkapin","OtherBroadLeaved",,1,11,,,"Y",,,0,0.240267325423849,238
"239",240591,"12_A13",5,"DF",202,"PSME","Douglas-fir","DF",,3,18,,,"Y",,,0.5,0.240267325423849,239
"240",240591,"12_A13",3,"GC",431,"CACH","Golden chinkapin","OtherBroadLeaved",,1,11,,,"Y",,,0,0.240267325423849,240
"241",240591,"12_A13",1,"TO",631,"LIDE3","Tanoak","TO",,1,11,,,"Y",,,0,0.240267325423849,241
"242",240591,"12_A13",3,"GC",431,"CACH","Golden chinkapin","OtherBroadLeaved",,1,11,,,"Y",,,0,0.240267325423849,242
"243",240591,"12_A13",2,"TO",631,"LIDE3","Tanoak","TO",,2,14,,,"Y",,,0.2,0.240267325423849,243
"244",240591,"12_A13",3,"GC",431,"CACH","Golden chinkapin","OtherBroadLeaved",,1,11,,,"Y",,,0,0.240267325423849,244
"245",240591,"12_A13",3,"GC",431,"CACH","Golden chinkapin","OtherBroadLeaved",,1,11,,,"Y",,,0,0.240267325423849,245
"246",240591,"12_A13",3,"GC",431,"CACH","Golden chinkapin","OtherBroadLeaved",,1,11,,,"Y",,,0,0.240267325423849,246
"247",240591,"12_A13",2,"TO",631,"LIDE3","Tanoak","TO",,2,14,,,"Y",,,0.2,0.240267325423849,247
"248",240591,"12_A13",1,"TO",631,"LIDE3","Tanoak","TO",,1,11,,,"Y",,,0,0.240267325423849,248
"249",240591,"12_A13",1,"TO",631,"LIDE3","Tanoak","TO",,1,11,,,"Y",,,0,0.240267325423849,249
"250",240591,"12_A13",1,"TO",631,"LIDE3","Tanoak","TO",,1,11,,,"Y",,,0,0.240267325423849,250
"251",240591,"12_A13",1,"TO",631,"LIDE3","Tanoak","TO",,1,11,,,"Y",,,0,0.240267325423849,251
"252",240591,"12_A13",12,"DF",202,"PSME","Douglas-fir","DF",4,6.1,39,80,1,"Y",0,0,3.3,0.0384427720678159,252
"253",240591,"12_A13",3,"GC",431,"CACH","Golden chinkapin","OtherBroadLeaved",,1,11,,,"Y",,,0,0.240267325423849,253
"254",240591,"12_A13",1,"TO",631,"LIDE3","Tanoak","TO",,1,11,,,"Y",,,0,0.240267325423849,254
"255",240591,"12_A13",1,"TO",631,"LIDE3","Tanoak","TO",,1,11,,,"Y",,,0,0.240267325423849,255
"256",240591,"12_A13",3,"GC",431,"CACH","Golden chinkapin","OtherBroadLeaved",,1,11,,,"Y",,,0,0.240267325423849,256
"257",240591,"12_A13",1,"TO",631,"LIDE3","Tanoak","TO",,1,11,,,"Y",,,0,0.240267325423849,257
"258",240591,"12_A13",1,"TO",631,"LIDE3","Tanoak","TO",,1,11,,,"Y",,,0,0.240267325423849,258
"259",240591,"12_A13",3,"GC",431,"CACH","Golden chinkapin","OtherBroadLeaved",,1,11,,,"Y",,,0,0.240267325423849,259
"260",240591,"12_A13",3,"GC",431,"CACH","Golden chinkapin","OtherBroadLeaved",,1,11,,,"Y",,,0,0.240267325423849,260
"261",240591,"12_A13",9,"DF",202,"PSME","Douglas-fir","DF",37,7.1,48,75,1,"Y",0,0,5.4,0.0384427720678159,261
"262",240591,"12_A13",1,"TO",631,"LIDE3","Tanoak","TO",,1,11,,,"Y",,,0,0.240267325423849,262
"263",240591,"12_A13",3,"GC",431,"CACH","Golden chinkapin","OtherBroadLeaved",,1,11,,,"Y",,,0,0.240267325423849,263
"264",240591,"12_A13",1,"TO",631,"LIDE3","Tanoak","TO",,1,11,,,"Y",,,0,0.240267325423849,264
"265",240591,"12_A13",1,"TO",631,"LIDE3","Tanoak","TO",,1,11,,,"Y",,,0,0.240267325423849,265
"266",240591,"12_A13",1,"TO",631,"LIDE3","Tanoak","TO",,1,11,,,"Y",,,0,0.240267325423849,266
"267",240591,"12_A13",3,"GC",431,"CACH","Golden chinkapin","OtherBroadLeaved",,1,11,,,"Y",,,0,0.240267325423849,267
"268",240591,"12_A13",3,"GC",431,"CACH","Golden chinkapin","OtherBroadLeaved",,1,11,,,"Y",,,0,0.240267325423849,268
"269",240591,"12_A13",10,"DF",202,"PSME","Douglas-fir","DF",27,7.4,52,80,1,"Y",0,0,6.4,0.0384427720678159,269
"270",240591,"12_A13",3,"GC",431,"CACH","Golden chinkapin","OtherBroadLeaved",,1,11,,,"Y",,,0,0.240267325423849,270
"271",240591,"12_A13",3,"GC",431,"CACH","Golden chinkapin","OtherBroadLeaved",,1,11,,,"Y",,,0,0.240267325423849,271
"272",240591,"12_A13",3,"GC",431,"CACH","Golden chinkapin","OtherBroadLeaved",,1,11,,,"Y",,,0,0.240267325423849,272
"273",240591,"13_11",2,"TO",631,"LIDE3","Tanoak","TO",,1,5,,,"Y",,,0,0.0593761640136258,273
"274",240591,"13_11",3,"BM",312,"ACMA","Bigleaf maple","BM",,1,12,,,"Y",,,0,0.0593761640136258,274
"275",240591,"13_11",5,"DF",202,"PSME","Douglas-fir","DF",,3,15,,,"Y",,,0.4,0.0593761640136258,275
"276",240591,"13_11",4,"TO",631,"LIDE3","Tanoak","TO",,2,7,,,"Y",,,0.1,0.0593761640136258,276
"277",240591,"13_11",2,"TO",631,"LIDE3","Tanoak","TO",,1,5,,,"Y",,,0,0.0593761640136258,277
"278",240591,"13_11",1,"DF",202,"PSME","Douglas-fir","DF",,5,27,,,"Y",,,1.7,0.0593761640136258,278
"279",240591,"13_11",2,"TO",631,"LIDE3","Tanoak","TO",,1,5,,,"Y",,,0,0.0593761640136258,279
"280",240591,"13_11",2,"TO",631,"LIDE3","Tanoak","TO",,1,5,,,"Y",,,0,0.0593761640136258,280
"281",240591,"13_11",2,"TO",631,"LIDE3","Tanoak","TO",,1,5,,,"Y",,,0,0.0593761640136258,281
"282",240591,"13_11",2,"TO",631,"LIDE3","Tanoak","TO",,1,5,,,"Y",,,0,0.0593761640136258,282
"283",240591,"13_11",4,"TO",631,"LIDE3","Tanoak","TO",,2,7,,,"Y",,,0.1,0.0593761640136258,283
"284",240591,"13_11",4,"TO",631,"LIDE3","Tanoak","TO",,2,7,,,"Y",,,0.1,0.0593761640136258,284
"285",240591,"13_11",2,"TO",631,"LIDE3","Tanoak","TO",,1,5,,,"Y",,,0,0.0593761640136258,285
"286",240591,"13_11",2,"TO",631,"LIDE3","Tanoak","TO",,1,5,,,"Y",,,0,0.0593761640136258,286
"287",240591,"13_11",2,"TO",631,"LIDE3","Tanoak","TO",,1,5,,,"Y",,,0,0.0593761640136258,287
"288",240591,"13_11",2,"TO",631,"LIDE3","Tanoak","TO",,1,5,,,"Y",,,0,0.0593761640136258,288
"289",240591,"13_11",3,"DF",202,"PSME","Douglas-fir","DF",51,6.1,31,75,1,"Y",0,0,2.7,0.00950018624218013,289
"290",240591,"13_11",2,"TO",631,"LIDE3","Tanoak","TO",,1,5,,,"Y",,,0,0.0593761640136258,290
"291",240591,"13_11",2,"TO",631,"LIDE3","Tanoak","TO",,1,5,,,"Y",,,0,0.0593761640136258,291
"292",240591,"13_11",1,"DF",202,"PSME","Douglas-fir","DF",39,6.2,31,85,1,"Y",0,0,2.8,0.00950018624218013,292
"293",240591,"13_11",4,"TO",631,"LIDE3","Tanoak","TO",,2,7,,,"Y",,,0.1,0.0593761640136258,293
"294",240591,"13_11",2,"DF",202,"PSME","Douglas-fir","DF",42,5.6,32,75,1,"Y",0,0,2.4,0.00950018624218013,294
"295",240591,"13_11",2,"TO",631,"LIDE3","Tanoak","TO",,1,5,,,"Y",,,0,0.0593761640136258,295
"296",240591,"13_19",3,"DF",202,"PSME","Douglas-fir","DF",,2,15,,,"Y",,,0.2,0.0631773645555476,296
"297",240591,"13_19",3,"DF",202,"PSME","Douglas-fir","DF",,2,15,,,"Y",,,0.2,0.0631773645555476,297
"298",240591,"13_19",3,"DF",202,"PSME","Douglas-fir","DF",,2,15,,,"Y",,,0.2,0.0631773645555476,298
"299",240591,"13_19",2,"PC",41,"CHLA","Port-Orford-cedar","PC",36,6.9,36,40,1,"Y",0,0,7.4,0.0101083783288876,299
"300",240591,"13_19",1,"PC",41,"CHLA","Port-Orford-cedar","PC",50,10.1,40,50,1,"Y",0,0,16.4,0.0101083783288876,300
"301",240591,"13_19",1,"DF",202,"PSME","Douglas-fir","DF",,3,18,,,"Y",,,0.5,0.0631773645555476,301
"302",240591,"13_19",3,"DF",202,"PSME","Douglas-fir","DF",,2,15,,,"Y",,,0.2,0.0631773645555476,302
"303",240591,"13_19",2,"DF",202,"PSME","Douglas-fir","DF",,1,10,,,"Y",,,0,0.0631773645555476,303
"304",240591,"13_19",1,"DF",202,"PSME","Douglas-fir","DF",,3,18,,,"Y",,,0.5,0.0631773645555476,304
"305",240591,"13_19",2,"DF",202,"PSME","Douglas-fir","DF",,1,10,,,"Y",,,0,0.0631773645555476,305
"306",240591,"13_19",1,"DF",202,"PSME","Douglas-fir","DF",,3,18,,,"Y",,,0.5,0.0631773645555476,306
"307",240591,"21_02",7,"TO",631,"LIDE3","Tanoak","TO",35,5.7,34,65,1,"Y",0,0,3.7,0.0191292723217864,307
"308",240591,"21_02",3,"WI",920,"SALIX","Willow","OtherBroadLeaved",,1,8,,,"Y",,,0,0.119557952011165,308
"309",240591,"21_02",2,"RA",351,"ALRU","Red alder","RA",,4,25,,,"Y",,,1.1,0.119557952011165,309
"310",240591,"21_02",2,"RA",351,"ALRU","Red alder","RA",12,9.3,54,30,1,"Y",0,0,14.9,0.0191292723217864,310
"311",240591,"21_02",9,"CN",251,"CETH","Ceanothus","OtherBroadLeaved",10,12.7,38,65,1,"Y",0,0,25,0.0191292723217864,311
"312",240591,"21_02",1,"DF",202,"PSME","Douglas-fir","DF",,1,6,,,"Y",,,0,0.119557952011165,312
"313",240591,"21_02",4,"TO",631,"LIDE3","Tanoak","TO",30,7.6,40,35,1,"Y",0,0,7.4,0.0191292723217864,313
"314",240591,"21_02",8,"DF",202,"PSME","Douglas-fir","DF",1,8,35,85,1,"Y",0,0,5.1,0.0191292723217864,314
"315",240591,"21_02",3,"RA",351,"ALRU","Red alder","RA",3,6,35,0,2,"N",2,0,5.2,0.0191292723217864,315
"316",240591,"21_02",1,"RA",351,"ALRU","Red alder","RA",13,6.9,51,30,1,"Y",0,0,8,0.0191292723217864,316
"317",240591,"21_02",5,"DF",202,"PSME","Douglas-fir","DF",32,16.8,79,70,1,"Y",0,0,44.1,0.0191292723217864,317
"318",240591,"21_02",6,"TO",631,"LIDE3","Tanoak","TO",37,5.6,36,65,1,"Y",0,0,3.7,0.0191292723217864,318
"319",240591,"21_02",3,"WI",920,"SALIX","Willow","OtherBroadLeaved",,1,8,,,"Y",,,0,0.119557952011165,319
"320",240591,"21_08",2,"RA",351,"ALRU","Red alder","RA",,1,10,,,"Y",,,0,0.594979559390819,320
"321",240591,"21_08",4,"DF",202,"PSME","Douglas-fir","DF",34,8,57,45,1,"Y",0,0,8.2,0.095196729502531,321
"322",240591,"21_08",5,"DF",202,"PSME","Douglas-fir","DF",25,10.6,64,55,1,"Y",0,0,15.4,0.095196729502531,322
"323",240591,"21_08",11,"DF",202,"PSME","Douglas-fir","DF",33,6.6,59,40,1,"Y",0,0,6,0.095196729502531,323
"324",240591,"21_08",1,"DF",202,"PSME","Douglas-fir","DF",42,11.5,69,60,1,"Y",0,0,19.4,0.095196729502531,324
"325",240591,"21_08",17,"DF",202,"PSME","Douglas-fir","DF",17,9,63,45,1,"Y",0,0,11.4,0.095196729502531,325
"326",240591,"21_08",6,"DF",202,"PSME","Douglas-fir","DF",3,7.4,43,45,3,"Y",0,0,5.3,0.095196729502531,326
"327",240591,"21_08",8,"DF",202,"PSME","Douglas-fir","DF",31,6,44,45,1,"Y",0,0,3.6,0.095196729502531,327
"328",240591,"21_08",2,"RA",351,"ALRU","Red alder","RA",,1,10,,,"Y",,,0,0.594979559390819,328
"329",240591,"21_08",18,"DF",202,"PSME","Douglas-fir","DF",23,12.5,65,65,1,"Y",0,0,21,0.095196729502531,329
"330",240591,"21_08",3,"DF",202,"PSME","Douglas-fir","DF",50,11.2,68,55,1,"Y",0,0,18.2,0.095196729502531,330
"331",240591,"21_08",16,"DF",202,"PSME","Douglas-fir","DF",7,7.8,57,50,1,"Y",0,0,7.8,0.095196729502531,331
"332",240591,"21_08",2,"DF",202,"PSME","Douglas-fir","DF",47,10.4,64,55,1,"Y",0,0,14.9,0.095196729502531,332
"333",240591,"21_08",9,"DF",202,"PSME","Douglas-fir","DF",40,9.5,62,45,1,"Y",0,0,12.3,0.095196729502531,333
"334",240591,"21_08",19,"DF",202,"PSME","Douglas-fir","DF",23,8.5,59,65,1,"Y",0,0,9.5,0.095196729502531,334
"335",240591,"21_08",15,"DF",202,"PSME","Douglas-fir","DF",2,10.4,69,50,1,"Y",0,0,16.3,0.095196729502531,335
"336",240591,"21_08",12,"DF",202,"PSME","Douglas-fir","DF",33,9.4,67,55,1,"Y",0,0,13.2,0.095196729502531,336
"337",240591,"21_08",14,"DF",202,"PSME","Douglas-fir","DF",11,13.4,82,65,1,"Y",0,0,31.3,0.095196729502531,337
"338",240591,"21_08",10,"DF",202,"PSME","Douglas-fir","DF",43,11.6,72,50,1,"Y",0,0,20.8,0.095196729502531,338
"339",240591,"21_08",1,"DF",202,"PSME","Douglas-fir","DF",,4,18,,,"Y",,,0.9,0.594979559390819,339
"340",240591,"21_08",7,"DF",202,"PSME","Douglas-fir","DF",7,6.5,44,50,1,"Y",0,0,4.2,0.095196729502531,340
"341",240591,"21_08",13,"DF",202,"PSME","Douglas-fir","DF",23,9.5,64,55,1,"Y",0,0,12.7,0.095196729502531,341
"342",240591,"21_09",3,"DF",202,"PSME","Douglas-fir","DF",4,8.5,61,65,1,"Y",0,0,9.9,0.0287983555719323,342
"343",240591,"21_09",21,"DF",202,"PSME","Douglas-fir","DF",15,10.2,64,70,1,"Y",0,0,14.4,0.0287983555719323,343
"344",240591,"21_09",2,"DF",202,"PSME","Douglas-fir","DF",10,11.2,64,65,1,"Y",0,0,17,0.0287983555719323,344
"345",240591,"21_09",19,"DF",202,"PSME","Douglas-fir","DF",17,9.8,57,80,1,"Y",0,0,11.8,0.0287983555719323,345
"346",240591,"21_09",12,"DF",202,"PSME","Douglas-fir","DF",21,10.2,61,75,1,"Y",0,0,13.6,0.0287983555719323,346
"347",240591,"21_09",16,"DF",202,"PSME","Douglas-fir","DF",9,11,62,70,1,"Y",0,0,15.9,0.0287983555719323,347
"348",240591,"21_09",9,"DF",202,"PSME","Douglas-fir","DF",14,9,57,75,1,"Y",0,0,10.1,0.0287983555719323,348
"349",240591,"21_09",13,"DF",202,"PSME","Douglas-fir","DF",7,10.1,67,80,1,"Y",0,0,15,0.0287983555719323,349
"350",240591,"21_09",4,"DF",202,"PSME","Douglas-fir","DF",4,12.2,59,70,1,"Y",0,0,18.1,0.0287983555719323,350
"351",240591,"21_09",1,"DF",202,"PSME","Douglas-fir","DF",13,11.7,65,70,1,"Y",0,0,18.7,0.0287983555719323,351
"352",240591,"21_09",7,"DF",202,"PSME","Douglas-fir","DF",13,9.9,67,80,1,"Y",0,0,14.4,0.0287983555719323,352
"353",240591,"21_09",10,"DF",202,"PSME","Douglas-fir","DF",19,9.3,53,90,1,"Y",0,0,9.9,0.0287983555719323,353
"354",240591,"21_09",18,"DF",202,"PSME","Douglas-fir","DF",15,13.1,69,65,1,"Y",0,0,24.4,0.0287983555719323,354
"355",240591,"21_09",5,"DF",202,"PSME","Douglas-fir","DF",2,10.6,66,70,1,"Y",0,0,16,0.0287983555719323,355
"356",240591,"21_09",17,"DF",202,"PSME","Douglas-fir","DF",12,12.1,70,65,1,"Y",0,0,21.6,0.0287983555719323,356
"357",240591,"21_09",20,"DF",202,"PSME","Douglas-fir","DF",17,14,64,65,1,"Y",0,0,25.2,0.0287983555719323,357
"358",240591,"21_09",14,"DF",202,"PSME","Douglas-fir","DF",11,11.8,72,75,1,"Y",0,0,21.4,0.0287983555719323,358
"359",240591,"21_09",15,"DF",202,"PSME","Douglas-fir","DF",6,11.2,62,70,1,"Y",0,0,16.4,0.0287983555719323,359
"360",240591,"21_09",8,"DF",202,"PSME","Douglas-fir","DF",17,10.6,70,65,1,"Y",0,0,17.1,0.0287983555719323,360
"361",240591,"21_09",11,"DF",202,"PSME","Douglas-fir","DF",19,8.6,46,85,1,"Y",0,0,7.4,0.0287983555719323,361
"362",240591,"21_09",6,"DF",202,"PSME","Douglas-fir","DF",1,11,69,75,1,"Y",0,0,18,0.0287983555719323,362
"363",240591,"21_12",8,"DF",202,"PSME","Douglas-fir","DF",74,8.5,50,85,3,"Y",0,0,7.9,0.00966392320278025,363
"364",240591,"21_12",6,"DF",202,"PSME","Douglas-fir","DF",62,10,61,90,1,"Y",0,0,13.2,0.00966392320278025,364
"365",240591,"21_12",32,"DF",202,"PSME","Douglas-fir","DF",11,8.8,54,90,1,"Y",0,0,9.2,0.00966392320278025,365
"366",240591,"21_12",1,"DF",202,"PSME","Douglas-fir","DF",,1,8,,,"Y",,,0,0.0603995200173765,366
"367",240591,"21_12",16,"DF",202,"PSME","Douglas-fir","DF",33,10.4,50,95,1,"Y",0,0,11.5,0.00966392320278025,367
"368",240591,"21_12",22,"DF",202,"PSME","Douglas-fir","DF",81,9.8,57,90,1,"Y",0,0,11.8,0.00966392320278025,368
"369",240591,"21_12",18,"DF",202,"PSME","Douglas-fir","DF",53,5.6,41,90,1,"Y",0,0,3,0.00966392320278025,369
"370",240591,"21_12",5,"DF",202,"PSME","Douglas-fir","DF",61,7.5,51,80,1,"Y",0,0,6.4,0.00966392320278025,370
"371",240591,"21_12",9,"DF",202,"PSME","Douglas-fir","DF",77,8.8,51,85,1,"Y",0,0,8.6,0.00966392320278025,371
"372",240591,"21_12",17,"DF",202,"PSME","Douglas-fir","DF",46,6.9,50,85,1,"Y",0,0,5.4,0.00966392320278025,372
"373",240591,"21_12",23,"DF",202,"PSME","Douglas-fir","DF",80,5.7,36,75,1,"Y",0,0,2.7,0.00966392320278025,373
"374",240591,"21_12",29,"DF",202,"PSME","Douglas-fir","DF",51,5.9,41,85,1,"Y",0,0,3.3,0.00966392320278025,374
"375",240591,"21_12",11,"DF",202,"PSME","Douglas-fir","DF",40,9.8,48,90,1,"Y",0,0,9.9,0.00966392320278025,375
"376",240591,"21_12",25,"DF",202,"PSME","Douglas-fir","DF",68,7.6,47,85,1,"Y",0,0,6.1,0.00966392320278025,376
"377",240591,"21_12",7,"DF",202,"PSME","Douglas-fir","DF",79,8.5,55,85,1,"Y",0,0,8.8,0.00966392320278025,377
"378",240591,"21_12",30,"DF",202,"PSME","Douglas-fir","DF",48,8.4,48,85,1,"Y",0,0,7.4,0.00966392320278025,378
"379",240591,"21_12",15,"DF",202,"PSME","Douglas-fir","DF",3,12.1,52,95,1,"Y",0,0,15.7,0.00966392320278025,379
"380",240591,"21_12",31,"DF",202,"PSME","Douglas-fir","DF",37,7.3,47,85,1,"Y",0,0,5.6,0.00966392320278025,380
"381",240591,"21_12",20,"DF",202,"PSME","Douglas-fir","DF",8,7.8,49,90,1,"Y",0,0,6.6,0.00966392320278025,381
"382",240591,"21_12",2,"DF",202,"PSME","Douglas-fir","DF",30,11.1,54,90,1,"Y",0,0,13.9,0.00966392320278025,382
"383",240591,"21_12",28,"DF",202,"PSME","Douglas-fir","DF",34,8.3,52,80,1,"Y",0,0,7.9,0.00966392320278025,383
"384",240591,"21_12",24,"DF",202,"PSME","Douglas-fir","DF",76,8.3,50,95,1,"Y",0,0,7.6,0.00966392320278025,384
"385",240591,"21_12",26,"DF",202,"PSME","Douglas-fir","DF",73,6.3,39,80,1,"Y",0,0,3.5,0.00966392320278025,385
"386",240591,"21_12",27,"DF",202,"PSME","Douglas-fir","DF",67,8.5,40,75,1,"Y",0,0,6.4,0.00966392320278025,386
"387",240591,"21_12",13,"DF",202,"PSME","Douglas-fir","DF",36,7.5,42,85,1,"Y",0,0,5.3,0.00966392320278025,387
"388",240591,"21_12",1,"DF",202,"PSME","Douglas-fir","DF",20,9.7,54,90,1,"Y",0,0,10.9,0.00966392320278025,388
"389",240591,"21_12",12,"DF",202,"PSME","Douglas-fir","DF",20,7.1,55,95,1,"Y",0,0,6.3,0.00966392320278025,389
"390",240591,"21_12",10,"DF",202,"PSME","Douglas-fir","DF",72,9.4,50,90,1,"Y",0,0,9.5,0.00966392320278025,390
"391",240591,"21_12",3,"DF",202,"PSME","Douglas-fir","DF",50,10.9,62,85,1,"Y",0,0,15.6,0.00966392320278025,391
"392",240591,"21_12",19,"DF",202,"PSME","Douglas-fir","DF",66,6.4,39,85,1,"Y",0,0,3.6,0.00966392320278025,392
"393",240591,"21_12",4,"DF",202,"PSME","Douglas-fir","DF",72,9.5,50,85,1,"Y",0,0,9.7,0.00966392320278025,393
"394",240591,"21_12",21,"DF",202,"PSME","Douglas-fir","DF",79,5.6,36,85,1,"Y",0,0,2.6,0.00966392320278025,394
"395",240591,"21_12",1,"DF",202,"PSME","Douglas-fir","DF",,1,8,,,"Y",,,0,0.0603995200173765,395
"396",240591,"21_12",14,"DF",202,"PSME","Douglas-fir","DF",3,7.9,37,95,1,"Y",0,0,5.2,0.00966392320278025,396
"397",240591,"21_16",14,"DF",202,"PSME","Douglas-fir","DF",50,10.2,51,60,1,"Y",0,0,11.3,0.00958202554538068,397
"398",240591,"21_16",17,"DF",202,"PSME","Douglas-fir","DF",78,8.9,52,75,1,"Y",0,0,9,0.00958202554538068,398
"399",240591,"21_16",23,"DF",202,"PSME","Douglas-fir","DF",37,8.8,56,85,1,"Y",0,0,9.5,0.00958202554538068,399
"400",240591,"21_16",9,"DF",202,"PSME","Douglas-fir","DF",5,8.5,47,70,1,"Y",0,0,7.4,0.00958202554538068,400
"401",240591,"21_16",21,"DF",202,"PSME","Douglas-fir","DF",73,8.6,51,85,1,"Y",0,0,8.3,0.00958202554538068,401
"402",240591,"21_16",12,"DF",202,"PSME","Douglas-fir","DF",42,8.4,52,65,1,"Y",0,0,8.1,0.00958202554538068,402
"403",240591,"21_16",5,"DF",202,"PSME","Douglas-fir","DF",36,7.1,47,85,1,"Y",0,0,5.3,0.00958202554538068,403
"404",240591,"21_16",1,"DF",202,"PSME","Douglas-fir","DF",30,7.6,40,80,1,"Y",0,0,5.2,0.00958202554538068,404
"405",240591,"21_16",16,"DF",202,"PSME","Douglas-fir","DF",69,10.5,54,80,1,"Y",0,0,12.6,0.00958202554538068,405
"406",240591,"21_16",15,"DF",202,"PSME","Douglas-fir","DF",43,8.5,46,75,1,"Y",0,0,7.3,0.00958202554538068,406
"407",240591,"21_16",4,"DF",202,"PSME","Douglas-fir","DF",22,7,46,80,1,"Y",0,0,5.1,0.00958202554538068,407
"408",240591,"21_16",10,"DF",202,"PSME","Douglas-fir","DF",21,11,57,80,1,"Y",0,0,14.5,0.00958202554538068,408
"409",240591,"21_16",2,"DF",202,"PSME","Douglas-fir","DF",32,11,53,80,1,"Y",0,0,13.5,0.00958202554538068,409
"410",240591,"21_16",19,"DF",202,"PSME","Douglas-fir","DF",94,9.4,49,75,1,"Y",0,0,9.3,0.00958202554538068,410
"411",240591,"21_16",6,"DF",202,"PSME","Douglas-fir","DF",28,8.5,56,75,1,"Y",0,0,9,0.00958202554538068,411
"412",240591,"21_16",3,"DF",202,"PSME","Douglas-fir","DF",11,9.9,50,70,1,"Y",0,0,10.5,0.00958202554538068,412
"413",240591,"21_16",8,"DF",202,"PSME","Douglas-fir","DF",25,7.1,46,75,1,"Y",0,0,5.2,0.00958202554538068,413
"414",240591,"21_16",13,"DF",202,"PSME","Douglas-fir","DF",44,10.9,53,65,1,"Y",0,0,13.2,0.00958202554538068,414
"415",240591,"21_16",18,"DF",202,"PSME","Douglas-fir","DF",85,8.3,45,70,1,"Y",0,0,6.8,0.00958202554538068,415
"416",240591,"21_16",7,"DF",202,"PSME","Douglas-fir","DF",9,7.4,45,75,1,"Y",0,0,5.5,0.00958202554538068,416
"417",240591,"21_16",20,"DF",202,"PSME","Douglas-fir","DF",74,13.5,56,85,1,"Y",0,0,20.6,0.00958202554538068,417
"418",240591,"21_16",11,"DF",202,"PSME","Douglas-fir","DF",25,12.9,60,75,1,"Y",0,0,20.4,0.00958202554538068,418
"419",240591,"21_16",22,"DF",202,"PSME","Douglas-fir","DF",82,6.5,40,85,1,"Y",0,0,3.8,0.00958202554538068,419
"420",240591,"21_24",4,"OM",981,"UMCA","Oregon myrtle","OM",,1,18,,,"Y",,,0,0.118262342045851,420
"421",240591,"21_24",4,"OM",981,"UMCA","Oregon myrtle","OM",,1,18,,,"Y",,,0,0.118262342045851,421
"422",240591,"21_24",4,"OM",981,"UMCA","Oregon myrtle","OM",,1,18,,,"Y",,,0,0.118262342045851,422
"423",240591,"21_24",2,"OM",981,"UMCA","Oregon myrtle","OM",,4,36,,,"Y",,,2.5,0.118262342045851,423
"424",240591,"21_24",4,"OM",981,"UMCA","Oregon myrtle","OM",,1,18,,,"Y",,,0,0.118262342045851,424
"425",240591,"21_24",13,"DF",202,"PSME","Douglas-fir","DF",25,7.4,50,60,1,"Y",0,0,6.1,0.0189219747273362,425
"426",240591,"21_24",2,"OM",981,"UMCA","Oregon myrtle","OM",,4,36,,,"Y",,,2.5,0.118262342045851,426
"427",240591,"21_24",1,"DF",202,"PSME","Douglas-fir","DF",56,12.2,70,75,1,"Y",0,0,21.9,0.0189219747273362,427
"428",240591,"21_24",4,"OM",981,"UMCA","Oregon myrtle","OM",,1,18,,,"Y",,,0,0.118262342045851,428
"429",240591,"21_24",4,"OM",981,"UMCA","Oregon myrtle","OM",,1,18,,,"Y",,,0,0.118262342045851,429
"430",240591,"21_24",22,"DF",202,"PSME","Douglas-fir","DF",29,16,60,75,1,"Y",0,0,29.9,0.0189219747273362,430
"431",240591,"21_24",3,"OM",981,"UMCA","Oregon myrtle","OM",,3,28,,,"Y",,,0.7,0.118262342045851,431
"432",240591,"21_24",18,"OM",981,"UMCA","Oregon myrtle","OM",61,5.7,36,85,1,"Y",0,0,5,0.0189219747273362,432
"433",240591,"21_24",4,"OM",981,"UMCA","Oregon myrtle","OM",,1,18,,,"Y",,,0,0.118262342045851,433
"434",240591,"21_24",6,"DF",202,"PSME","Douglas-fir","DF",57,9.9,56,75,1,"Y",0,0,11.8,0.0189219747273362,434
"435",240591,"21_24",1,"OM",981,"UMCA","Oregon myrtle","OM",,5,34,,,"Y",,,3.8,0.118262342045851,435
"436",240591,"21_24",4,"OM",981,"UMCA","Oregon myrtle","OM",,1,18,,,"Y",,,0,0.118262342045851,436
"437",240591,"21_24",2,"OM",981,"UMCA","Oregon myrtle","OM",,4,36,,,"Y",,,2.5,0.118262342045851,437
"438",240591,"21_24",3,"DF",202,"PSME","Douglas-fir","DF",58,8.7,60,35,1,"Y",0,0,10.1,0.0189219747273362,438
"439",240591,"21_24",2,"DF",202,"PSME","Douglas-fir","DF",64,11,64,75,1,"Y",0,0,16.5,0.0189219747273362,439
"440",240591,"21_24",25,"DF",202,"PSME","Douglas-fir","DF",48,11.2,44,60,3,"Y",0,0,11.7,0.0189219747273362,440
"441",240591,"21_24",23,"DF",202,"PSME","Douglas-fir","DF",41,11.3,66,65,1,"Y",0,0,17.9,0.0189219747273362,441
"442",240591,"21_24",4,"OM",981,"UMCA","Oregon myrtle","OM",,1,18,,,"Y",,,0,0.118262342045851,442
"443",240591,"21_24",24,"DF",202,"PSME","Douglas-fir","DF",42,11.2,57,70,1,"Y",0,0,15,0.0189219747273362,443
"444",240591,"21_24",20,"DF",202,"PSME","Douglas-fir","DF",4,13.5,62,75,1,"Y",0,0,22.9,0.0189219747273362,444
"445",240591,"21_24",2,"OM",981,"UMCA","Oregon myrtle","OM",,4,36,,,"Y",,,2.5,0.118262342045851,445
"446",240591,"21_24",16,"DF",202,"PSME","Douglas-fir","DF",56,10.8,61,70,1,"Y",0,0,15.1,0.0189219747273362,446
"447",240591,"21_24",15,"DF",202,"PSME","Douglas-fir","DF",49,9.5,54,80,1,"Y",0,0,10.5,0.0189219747273362,447
"448",240591,"21_24",21,"DF",202,"PSME","Douglas-fir","DF",10,11.3,61,70,1,"Y",0,0,16.4,0.0189219747273362,448
"449",240591,"21_24",10,"DF",202,"PSME","Douglas-fir","DF",6,10.5,62,70,1,"Y",0,0,14.6,0.0189219747273362,449
"450",240591,"21_24",8,"DF",202,"PSME","Douglas-fir","DF",47,9.1,62,70,1,"Y",0,0,11.4,0.0189219747273362,450
"451",240591,"21_24",4,"OM",981,"UMCA","Oregon myrtle","OM",,1,18,,,"Y",,,0,0.118262342045851,451
"452",240591,"21_24",4,"OM",981,"UMCA","Oregon myrtle","OM",,1,18,,,"Y",,,0,0.118262342045851,452
"453",240591,"21_24",5,"OM",981,"UMCA","Oregon myrtle","OM",,2,25,,,"Y",,,0.3,0.118262342045851,453
"454",240591,"21_24",4,"OM",981,"UMCA","Oregon myrtle","OM",,1,18,,,"Y",,,0,0.118262342045851,454
"455",240591,"21_24",1,"OM",981,"UMCA","Oregon myrtle","OM",,5,34,,,"Y",,,3.8,0.118262342045851,455
"456",240591,"21_24",3,"OM",981,"UMCA","Oregon myrtle","OM",,3,28,,,"Y",,,0.7,0.118262342045851,456
"457",240591,"21_24",4,"OM",981,"UMCA","Oregon myrtle","OM",,1,18,,,"Y",,,0,0.118262342045851,457
"458",240591,"21_24",17,"BM",312,"ACMA","Bigleaf maple","BM",51,7.1,40,70,1,"Y",0,0,6.7,0.0189219747273362,458
"459",240591,"21_24",9,"DF",202,"PSME","Douglas-fir","DF",34,9.7,61,65,1,"Y",0,0,12.5,0.0189219747273362,459
"460",240591,"21_24",5,"DF",202,"PSME","Douglas-fir","DF",66,9.8,42,65,3,"Y",0,0,8.7,0.0189219747273362,460
"461",240591,"21_24",4,"OM",981,"UMCA","Oregon myrtle","OM",,1,18,,,"Y",,,0,0.118262342045851,461
"462",240591,"21_24",4,"DF",202,"PSME","Douglas-fir","DF",63,13.2,69,75,1,"Y",0,0,24.8,0.0189219747273362,462
"463",240591,"21_24",19,"DF",202,"PSME","Douglas-fir","DF",32,12.8,70,65,1,"Y",0,0,23.9,0.0189219747273362,463
"464",240591,"21_24",7,"DF",202,"PSME","Douglas-fir","DF",41,9,52,75,1,"Y",0,0,9.2,0.0189219747273362,464
"465",240591,"21_24",3,"OM",981,"UMCA","Oregon myrtle","OM",,3,28,,,"Y",,,0.7,0.118262342045851,465
"466",240591,"21_24",2,"OM",981,"UMCA","Oregon myrtle","OM",,4,36,,,"Y",,,2.5,0.118262342045851,466
"467",240591,"21_24",1,"OM",981,"UMCA","Oregon myrtle","OM",,5,34,,,"Y",,,3.8,0.118262342045851,467
"468",240591,"21_24",1,"OM",981,"UMCA","Oregon myrtle","OM",,5,34,,,"Y",,,3.8,0.118262342045851,468
"469",240591,"21_24",11,"DF",202,"PSME","Douglas-fir","DF",18,10.4,63,65,1,"Y",0,0,14.6,0.0189219747273362,469
"470",240591,"21_24",12,"DF",202,"PSME","Douglas-fir","DF",21,13.4,70,70,1,"Y",0,0,25.8,0.0189219747273362,470
"471",240591,"21_24",14,"DF",202,"PSME","Douglas-fir","DF",39,7.3,55,50,1,"Y",0,0,6.6,0.0189219747273362,471
"472",240591,"21_24",4,"OM",981,"UMCA","Oregon myrtle","OM",,1,18,,,"Y",,,0,0.118262342045851,472
"473",240591,"21_24",2,"OM",981,"UMCA","Oregon myrtle","OM",,4,36,,,"Y",,,2.5,0.118262342045851,473
"474",240591,"21_26",1,"RA",351,"ALRU","Red alder","RA",,1,6,,,"Y",,,0,0.178937435275636,474
"475",240591,"21_26",3,"DF",202,"PSME","Douglas-fir","DF",51,10,58,85,1,"Y",0,0,12.4,0.0286299896441018,475
"476",240591,"21_26",1,"RA",351,"ALRU","Red alder","RA",,1,6,,,"Y",,,0,0.178937435275636,476
"477",240591,"21_26",1,"RA",351,"ALRU","Red alder","RA",,1,6,,,"Y",,,0,0.178937435275636,477
"478",240591,"21_26",1,"RA",351,"ALRU","Red alder","RA",,1,6,,,"Y",,,0,0.178937435275636,478
"479",240591,"21_26",1,"RA",351,"ALRU","Red alder","RA",,1,6,,,"Y",,,0,0.178937435275636,479
"480",240591,"21_26",1,"RA",351,"ALRU","Red alder","RA",,1,6,,,"Y",,,0,0.178937435275636,480
"481",240591,"21_26",1,"RA",351,"ALRU","Red alder","RA",,1,6,,,"Y",,,0,0.178937435275636,481
"482",240591,"21_26",1,"RA",351,"ALRU","Red alder","RA",,1,6,,,"Y",,,0,0.178937435275636,482
"483",240591,"21_26",1,"DF",202,"PSME","Douglas-fir","DF",70,11.3,61,85,1,"Y",0,0,16.4,0.0286299896441018,483
"484",240591,"21_26",1,"RA",351,"ALRU","Red alder","RA",,1,6,,,"Y",,,0,0.178937435275636,484
"485",240591,"21_26",4,"DF",202,"PSME","Douglas-fir","DF",45,12.7,62,85,1,"Y",0,0,20.5,0.0286299896441018,485
"486",240591,"21_26",1,"RA",351,"ALRU","Red alder","RA",,1,6,,,"Y",,,0,0.178937435275636,486
"487",240591,"21_26",1,"RA",351,"ALRU","Red alder","RA",,1,6,,,"Y",,,0,0.178937435275636,487
"488",240591,"21_26",7,"DF",202,"PSME","Douglas-fir","DF",40,10,56,85,1,"Y",0,0,12,0.0286299896441018,488
"489",240591,"21_26",6,"DF",202,"PSME","Douglas-fir","DF",10,12.9,66,85,1,"Y",0,0,22.6,0.0286299896441018,489
"490",240591,"21_26",1,"RA",351,"ALRU","Red alder","RA",,1,6,,,"Y",,,0,0.178937435275636,490
"491",240591,"21_26",1,"RA",351,"ALRU","Red alder","RA",,1,6,,,"Y",,,0,0.178937435275636,491
"492",240591,"21_26",5,"DF",202,"PSME","Douglas-fir","DF",22,13.9,69,85,1,"Y",0,0,27.1,0.0286299896441018,492
"493",240591,"21_26",2,"DF",202,"PSME","Douglas-fir","DF",58,10.1,59,85,1,"Y",0,0,12.9,0.0286299896441018,493
"494",240591,"21_26",8,"DF",202,"PSME","Douglas-fir","DF",53,12,55,85,1,"Y",0,0,16.4,0.0286299896441018,494
"495",240591,"21_A01",2,"DF",202,"PSME","Douglas-fir","DF",,5,32,,,"Y",,,1.9,3.06701872683857,495
"496",240591,"21_A01",1,"DF",202,"PSME","Douglas-fir","DF",,4,27,,,"Y",,,1.1,3.06701872683857,496
"497",240591,"21_A01",22,"DF",202,"PSME","Douglas-fir","DF",8,11.3,82,65,1,"Y",0,0,23.3,0.490722996294171,497
"498",240591,"21_A01",3,"DF",202,"PSME","Douglas-fir","DF",,2,22,,,"Y",,,0.2,3.06701872683857,498
"499",240591,"21_A01",20,"DF",202,"PSME","Douglas-fir","DF",14,9.6,58,65,1,"Y",0,0,11.6,0.490722996294171,499
"500",240591,"21_A01",16,"DF",202,"PSME","Douglas-fir","DF",39,10.2,52,65,1,"Y",0,0,11.5,0.490722996294171,500
"501",240591,"21_A01",7,"DF",202,"PSME","Douglas-fir","DF",55,12,72,60,1,"Y",0,0,22,0.490722996294171,501
"502",240591,"21_A01",18,"DF",202,"PSME","Douglas-fir","DF",36,12.3,67,65,1,"Y",0,0,21.1,0.490722996294171,502
"503",240591,"21_A01",2,"DF",202,"PSME","Douglas-fir","DF",3,6,43,50,1,"Y",0,0,3.5,0.490722996294171,503
"504",240591,"21_A01",1,"DF",202,"PSME","Douglas-fir","DF",,4,27,,,"Y",,,1.1,3.06701872683857,504
"505",240591,"21_A01",25,"DF",202,"PSME","Douglas-fir","DF",7,13.6,76,40,1,"Y",0,0,29.2,0.490722996294171,505
"506",240591,"21_A01",6,"DF",202,"PSME","Douglas-fir","DF",48,10.5,61,65,1,"Y",0,0,14.4,0.490722996294171,506
"507",240591,"21_A01",12,"DF",202,"PSME","Douglas-fir","DF",10,8.3,58,55,1,"Y",0,0,8.9,0.490722996294171,507
"508",240591,"21_A01",19,"DF",202,"PSME","Douglas-fir","DF",17,12.4,77,30,1,"Y",0,0,25.3,0.490722996294171,508
"509",240591,"21_A01",8,"WH",263,"TSHE","Western hemlock","WH",55,10,50,35,1,"Y",0,0,11,0.490722996294171,509
"510",240591,"21_A01",17,"DF",202,"PSME","Douglas-fir","DF",38,8.7,58,45,1,"Y",0,0,9.7,0.490722996294171,510
"511",240591,"21_A01",24,"DF",202,"PSME","Douglas-fir","DF",2,12.2,68,40,1,"Y",0,0,21.2,0.490722996294171,511
"512",240591,"21_A01",2,"DF",202,"PSME","Douglas-fir","DF",,5,32,,,"Y",,,1.9,3.06701872683857,512
"513",240591,"21_A01",21,"DF",202,"PSME","Douglas-fir","DF",14,8.7,55,45,1,"Y",0,0,9.2,0.490722996294171,513
"514",240591,"21_A01",23,"DF",202,"PSME","Douglas-fir","DF",6,9.7,69,45,1,"Y",0,0,14.4,0.490722996294171,514
"515",240591,"21_A01",4,"DF",202,"PSME","Douglas-fir","DF",,1,12,,,"Y",,,0.1,3.06701872683857,515
"516",240591,"21_A01",1,"DF",202,"PSME","Douglas-fir","DF",1,8.3,70,40,1,"Y",0,0,11.1,0.490722996294171,516
"517",240591,"21_A01",5,"DF",202,"PSME","Douglas-fir","DF",,3,21,,,"Y",,,0.5,3.06701872683857,517
"518",240591,"21_A01",11,"DF",202,"PSME","Douglas-fir","DF",30,7.2,50,40,1,"Y",0,0,5.8,0.490722996294171,518
"519",240591,"21_A01",9,"DF",202,"PSME","Douglas-fir","DF",41,7.2,43,60,3,"Y",0,0,5,0.490722996294171,519
"520",240591,"21_A01",15,"DF",202,"PSME","Douglas-fir","DF",45,10,31,55,1,"Y",0,0,7.2,0.490722996294171,520
"521",240591,"21_A01",10,"DF",202,"PSME","Douglas-fir","DF",31,9.4,60,50,1,"Y",0,0,11.6,0.490722996294171,521
"522",240591,"21_A01",5,"DF",202,"PSME","Douglas-fir","DF",53,11.9,68,55,1,"Y",0,0,20.3,0.490722996294171,522
"523",240591,"21_A01",4,"DF",202,"PSME","Douglas-fir","DF",44,12.1,53,60,1,"Y",0,0,16,0.490722996294171,523
"524",240591,"21_A01",14,"DF",202,"PSME","Douglas-fir","DF",19,8,40,70,3,"Y",0,0,5.7,0.490722996294171,524
"525",240591,"21_A01",13,"DF",202,"PSME","Douglas-fir","DF",13,5.7,40,60,1,"Y",0,0,3,0.490722996294171,525
"526",240591,"21_A01",3,"DF",202,"PSME","Douglas-fir","DF",17,6,37,40,1,"Y",0,0,3.1,0.490722996294171,526
"527",240591,"22_13",2,"RA",351,"ALRU","Red alder","RA",,2,22,,,"Y",,,0.2,0.538988315114525,527
"528",240591,"22_13",1,"DF",202,"PSME","Douglas-fir","DF",1,6.2,37,80,1,"Y",0,0,3.3,0.086238130418324,528
"529",240591,"22_13",1,"DF",202,"PSME","Douglas-fir","DF",,1,10,,,"Y",,,0,0.538988315114525,529
"530",240591,"22_13",3,"DF",202,"PSME","Douglas-fir","DF",50,16.4,97,55,1,"Y",0,0,54.4,0.086238130418324,530
"531",240591,"22_13",4,"DF",202,"PSME","Douglas-fir","DF",21,11.3,55,85,1,"Y",0,0,14.7,0.086238130418324,531
"532",240591,"22_13",4,"RA",351,"ALRU","Red alder","RA",,4,24,,,"Y",,,1,0.538988315114525,532
"533",240591,"22_13",3,"RA",351,"ALRU","Red alder","RA",,3,19,,,"Y",,,0.5,0.538988315114525,533
"534",240591,"22_13",5,"DF",202,"PSME","Douglas-fir","DF",28,8.7,44,85,1,"Y",0,0,7.3,0.086238130418324,534
"535",240591,"22_13",7,"DF",202,"PSME","Douglas-fir","DF",54,7.6,34,85,1,"Y",0,0,4.5,0.086238130418324,535
"536",240591,"22_13",2,"RA",351,"ALRU","Red alder","RA",,2,22,,,"Y",,,0.2,0.538988315114525,536
"537",240591,"22_13",1,"DF",202,"PSME","Douglas-fir","DF",,1,10,,,"Y",,,0,0.538988315114525,537
"538",240591,"22_13",1,"DF",202,"PSME","Douglas-fir","DF",,1,10,,,"Y",,,0,0.538988315114525,538
"539",240591,"22_13",2,"DF",202,"PSME","Douglas-fir","DF",77,20.7,107,60,1,"Y",0,0,91,0.086238130418324,539
"540",240591,"22_13",1,"DF",202,"PSME","Douglas-fir","DF",,1,10,,,"Y",,,0,0.538988315114525,540
"541",240591,"22_13",6,"DF",202,"PSME","Douglas-fir","DF",77,5.9,31,85,1,"Y",0,0,2.6,0.086238130418324,541
"542",240591,"22_14",8,"WH",263,"TSHE","Western hemlock","WH",28,18,71,85,3,"Y",0,0,47.4,0.0669010216307286,542
"543",240591,"22_14",1,"WH",263,"TSHE","Western hemlock","WH",,1,12,,,"Y",,,0.1,0.418131385192054,543
"544",240591,"22_14",5,"WH",263,"TSHE","Western hemlock","WH",11,8.7,60,45,1,"Y",0,0,10.8,0.0669010216307286,544
"545",240591,"22_14",2,"RC",242,"THPL","Western redcedar","RC",,1,6,,,"Y",,,0,0.418131385192054,545
"546",240591,"22_14",4,"DF",202,"PSME","Douglas-fir","DF",14,9.1,58,60,1,"Y",0,0,10.5,0.0669010216307286,546
"547",240591,"22_14",12,"DF",202,"PSME","Douglas-fir","DF",7,12.7,64,75,1,"Y",0,0,21.2,0.0669010216307286,547
"548",240591,"22_14",1,"WH",263,"TSHE","Western hemlock","WH",,1,12,,,"Y",,,0.1,0.418131385192054,548
"549",240591,"22_14",1,"WH",263,"TSHE","Western hemlock","WH",,1,12,,,"Y",,,0.1,0.418131385192054,549
"550",240591,"22_14",1,"WH",263,"TSHE","Western hemlock","WH",,1,12,,,"Y",,,0.1,0.418131385192054,550
"551",240591,"22_14",1,"WH",263,"TSHE","Western hemlock","WH",,1,12,,,"Y",,,0.1,0.418131385192054,551
"552",240591,"22_14",16,"DF",202,"PSME","Douglas-fir","DF",11,9,61,60,1,"Y",0,0,10.9,0.0669010216307286,552
"553",240591,"22_14",1,"WH",263,"TSHE","Western hemlock","WH",15,11.5,57,85,1,"Y",0,0,16.6,0.0669010216307286,553
"554",240591,"22_14",13,"DF",202,"PSME","Douglas-fir","DF",11,11.1,62,70,1,"Y",0,0,16.1,0.0669010216307286,554
"555",240591,"22_14",2,"WH",263,"TSHE","Western hemlock","WH",8,7.8,47,85,1,"Y",0,0,6.5,0.0669010216307286,555
"556",240591,"22_14",11,"DF",202,"PSME","Douglas-fir","DF",9,9.4,64,70,1,"Y",0,0,12.5,0.0669010216307286,556
"557",240591,"22_14",15,"DF",202,"PSME","Douglas-fir","DF",8,11.2,56,60,1,"Y",0,0,14.7,0.0669010216307286,557
"558",240591,"22_14",1,"WH",263,"TSHE","Western hemlock","WH",,1,12,,,"Y",,,0.1,0.418131385192054,558
"559",240591,"22_14",3,"WH",263,"TSHE","Western hemlock","WH",,2,22,,,"Y",,,0.2,0.418131385192054,559
"560",240591,"22_14",3,"WH",263,"TSHE","Western hemlock","WH",,2,22,,,"Y",,,0.2,0.418131385192054,560
"561",240591,"22_14",2,"RC",242,"THPL","Western redcedar","RC",,1,6,,,"Y",,,0,0.418131385192054,561
"562",240591,"22_14",1,"WH",263,"TSHE","Western hemlock","WH",,1,12,,,"Y",,,0.1,0.418131385192054,562
"563",240591,"22_14",6,"RA",351,"ALRU","Red alder","RA",14,6.3,52,45,1,"Y",0,0,6.8,0.0669010216307286,563
"564",240591,"22_14",1,"WH",263,"TSHE","Western hemlock","WH",,1,12,,,"Y",,,0.1,0.418131385192054,564
"565",240591,"22_14",2,"RC",242,"THPL","Western redcedar","RC",,1,6,,,"Y",,,0,0.418131385192054,565
"566",240591,"22_14",4,"RC",242,"THPL","Western redcedar","RC",,2,11,,,"Y",,,0.2,0.418131385192054,566
"567",240591,"22_14",3,"WH",263,"TSHE","Western hemlock","WH",,2,22,,,"Y",,,0.2,0.418131385192054,567
"568",240591,"22_14",1,"WH",263,"TSHE","Western hemlock","WH",,1,12,,,"Y",,,0.1,0.418131385192054,568
"569",240591,"22_14",1,"WH",263,"TSHE","Western hemlock","WH",,1,12,,,"Y",,,0.1,0.418131385192054,569
"570",240591,"22_14",3,"WH",263,"TSHE","Western hemlock","WH",3,7.3,51,75,1,"Y",0,0,6.4,0.0669010216307286,570
"571",240591,"22_14",7,"DF",202,"PSME","Douglas-fir","DF",22,8.3,50,85,1,"Y",0,0,7.6,0.0669010216307286,571
"572",240591,"22_14",1,"WH",263,"TSHE","Western hemlock","WH",,1,12,,,"Y",,,0.1,0.418131385192054,572
"573",240591,"22_14",1,"WH",263,"TSHE","Western hemlock","WH",,1,12,,,"Y",,,0.1,0.418131385192054,573
"574",240591,"22_14",14,"DF",202,"PSME","Douglas-fir","DF",7,12.2,65,70,1,"Y",0,0,20.1,0.0669010216307286,574
"575",240591,"22_14",10,"RA",351,"ALRU","Red alder","RA",14,6.6,51,45,1,"Y",0,0,7.4,0.0669010216307286,575
"576",240591,"22_14",9,"WH",263,"TSHE","Western hemlock","WH",16,9.4,48,85,1,"Y",0,0,9.4,0.0669010216307286,576
"577",240591,"22_A04",3,"GC",431,"CACH","Golden chinkapin","OtherBroadLeaved",,1,7,,,"Y",,,0,0.119166133528014,577
"578",240591,"22_A04",3,"GC",431,"CACH","Golden chinkapin","OtherBroadLeaved",,1,7,,,"Y",,,0,0.119166133528014,578
"579",240591,"22_A04",3,"GC",431,"CACH","Golden chinkapin","OtherBroadLeaved",,1,7,,,"Y",,,0,0.119166133528014,579
"580",240591,"22_A04",3,"GC",431,"CACH","Golden chinkapin","OtherBroadLeaved",,1,7,,,"Y",,,0,0.119166133528014,580
"581",240591,"22_A04",12,"DF",202,"PSME","Douglas-fir","DF",39,13.5,68,85,1,"Y",0,0,25.3,0.0190665813644823,581
"582",240591,"22_A04",1,"PM",361,"ARME","Pacific madrone","OtherBroadLeaved",,2,18,,,"Y",,,0.3,0.119166133528014,582
"583",240591,"22_A04",11,"DF",202,"PSME","Douglas-fir","DF",29,9.8,51,75,1,"Y",0,0,10.5,0.0190665813644823,583
"584",240591,"22_A04",3,"GC",431,"CACH","Golden chinkapin","OtherBroadLeaved",,1,7,,,"Y",,,0,0.119166133528014,584
"585",240591,"22_A04",4,"DF",202,"PSME","Douglas-fir","DF",38,29,106,50,1,"Y",0,0,155.6,0.0190665813644823,585
"586",240591,"22_A04",14,"DF",202,"PSME","Douglas-fir","DF",63,9,48,80,1,"Y",0,0,8.4,0.0190665813644823,586
"587",240591,"22_A04",8,"DF",202,"PSME","Douglas-fir","DF",14,9.7,44,80,1,"Y",0,0,8.9,0.0190665813644823,587
"588",240591,"22_A04",3,"GC",431,"CACH","Golden chinkapin","OtherBroadLeaved",,1,7,,,"Y",,,0,0.119166133528014,588
"589",240591,"22_A04",15,"DF",202,"PSME","Douglas-fir","DF",65,9.5,49,85,1,"Y",0,0,9.5,0.0190665813644823,589
"590",240591,"22_A04",3,"GC",431,"CACH","Golden chinkapin","OtherBroadLeaved",,1,7,,,"Y",,,0,0.119166133528014,590
"591",240591,"22_A04",1,"DF",202,"PSME","Douglas-fir","DF",13,5.6,33,80,1,"Y",0,0,2.4,0.0190665813644823,591
"592",240591,"22_A04",10,"DF",202,"PSME","Douglas-fir","DF",9,6.4,38,80,1,"Y",0,0,3.6,0.0190665813644823,592
"593",240591,"22_A04",1,"PM",361,"ARME","Pacific madrone","OtherBroadLeaved",,2,18,,,"Y",,,0.3,0.119166133528014,593
"594",240591,"22_A04",16,"DF",202,"PSME","Douglas-fir","DF",72,6.4,36,75,1,"Y",0,0,3.4,0.0190665813644823,594
"595",240591,"22_A04",3,"GC",431,"CACH","Golden chinkapin","OtherBroadLeaved",,1,7,,,"Y",,,0,0.119166133528014,595
"596",240591,"22_A04",17,"DF",202,"PSME","Douglas-fir","DF",61,6,35,75,1,"Y",0,0,2.9,0.0190665813644823,596
"597",240591,"22_A04",9,"DF",202,"PSME","Douglas-fir","DF",2,12,56,80,1,"Y",0,0,16.7,0.0190665813644823,597
"598",240591,"22_A04",3,"GC",431,"CACH","Golden chinkapin","OtherBroadLeaved",,1,7,,,"Y",,,0,0.119166133528014,598
"599",240591,"22_A04",7,"DF",202,"PSME","Douglas-fir","DF",29,13.2,64,85,1,"Y",0,0,22.8,0.0190665813644823,599
"600",240591,"22_A04",1,"PM",361,"ARME","Pacific madrone","OtherBroadLeaved",,2,18,,,"Y",,,0.3,0.119166133528014,600
"601",240591,"22_A04",3,"GC",431,"CACH","Golden chinkapin","OtherBroadLeaved",,1,7,,,"Y",,,0,0.119166133528014,601
"602",240591,"22_A04",3,"GC",431,"CACH","Golden chinkapin","OtherBroadLeaved",,1,7,,,"Y",,,0,0.119166133528014,602
"603",240591,"22_A04",6,"DF",202,"PSME","Douglas-fir","DF",64,6.6,31,85,1,"Y",0,0,3.2,0.0190665813644823,603
"604",240591,"22_A04",3,"GC",431,"CACH","Golden chinkapin","OtherBroadLeaved",,1,7,,,"Y",,,0,0.119166133528014,604
"605",240591,"22_A04",5,"DF",202,"PSME","Douglas-fir","DF",57,9.7,46,85,1,"Y",0,0,9.3,0.0190665813644823,605
"606",240591,"22_A04",1,"PM",361,"ARME","Pacific madrone","OtherBroadLeaved",,2,18,,,"Y",,,0.3,0.119166133528014,606
"607",240591,"22_A04",2,"PM",361,"ARME","Pacific madrone","OtherBroadLeaved",,1,10,,,"Y",,,0,0.119166133528014,607
"608",240591,"22_A04",3,"DF",202,"PSME","Douglas-fir","DF",18,10.1,46,80,1,"Y",0,0,10,0.0190665813644823,608
"609",240591,"22_A04",3,"GC",431,"CACH","Golden chinkapin","OtherBroadLeaved",,1,7,,,"Y",,,0,0.119166133528014,609
"610",240591,"22_A04",3,"GC",431,"CACH","Golden chinkapin","OtherBroadLeaved",,1,7,,,"Y",,,0,0.119166133528014,610
"611",240591,"22_A04",18,"DF",202,"PSME","Douglas-fir","DF",49,8.3,47,80,1,"Y",0,0,7.1,0.0190665813644823,611
"612",240591,"22_A04",2,"PM",361,"ARME","Pacific madrone","OtherBroadLeaved",,1,10,,,"Y",,,0,0.119166133528014,612
"613",240591,"22_A04",3,"GC",431,"CACH","Golden chinkapin","OtherBroadLeaved",,1,7,,,"Y",,,0,0.119166133528014,613
"614",240591,"22_A04",2,"DF",202,"PSME","Douglas-fir","DF",5,6.8,38,85,1,"Y",0,0,4,0.0190665813644823,614
"615",240591,"22_A04",13,"DF",202,"PSME","Douglas-fir","DF",49,8.2,52,75,1,"Y",0,0,7.7,0.0190665813644823,615
"616",240591,"23_13",1,"BM",312,"ACMA","Bigleaf maple","BM",,1,15,,,"Y",,,0,0.0584683879203066,616
"617",240591,"23_13",3,"BM",312,"ACMA","Bigleaf maple","BM",,3,21,,,"Y",,,0.7,0.0584683879203066,617
"618",240591,"23_13",4,"BM",312,"ACMA","Bigleaf maple","BM",,4,22,,,"Y",,,1.3,0.0584683879203066,618
"619",240591,"23_13",2,"BM",312,"ACMA","Bigleaf maple","BM",,2,19,,,"Y",,,0.3,0.0584683879203066,619
"620",240591,"23_13",1,"BM",312,"ACMA","Bigleaf maple","BM",,1,15,,,"Y",,,0,0.0584683879203066,620
"621",240591,"23_13",2,"BM",312,"ACMA","Bigleaf maple","BM",,2,19,,,"Y",,,0.3,0.0584683879203066,621
"622",240591,"23_13",2,"DF",202,"PSME","Douglas-fir","DF",0,47,100,40,1,"Y",0,0,281.8,0.00935494206724906,622
"623",240591,"23_13",1,"DF",202,"PSME","Douglas-fir","DF",91,8.7,54,85,1,"Y",0,0,9,0.00935494206724906,623
"624",240591,"23_13",2,"BM",312,"ACMA","Bigleaf maple","BM",,2,19,,,"Y",,,0.3,0.0584683879203066,624
"625",240591,"31_01",1,"WH",263,"TSHE","Western hemlock","WH",12,14.6,65,80,1,"Y",0,0,29.6,0.123105662383916,625
"626",240591,"31_01",3,"DF",202,"PSME","Douglas-fir","DF",30,10.4,71,65,1,"Y",0,0,16.9,0.123105662383916,626
"627",240591,"31_01",20,"RA",351,"ALRU","Red alder","RA",65,8.3,71,50,1,"Y",0,0,13.7,0.123105662383916,627
"628",240591,"31_01",14,"BM",312,"ACMA","Bigleaf maple","BM",46,6.6,38,50,1,"Y",0,0,5.5,0.123105662383916,628
"629",240591,"31_01",17,"RA",351,"ALRU","Red alder","RA",48,9.7,80,60,1,"Y",0,0,20,0.123105662383916,629
"630",240591,"31_01",6,"DF",202,"PSME","Douglas-fir","DF",84,6.6,45,20,1,"Y",0,0,4.4,0.123105662383916,630
"631",240591,"31_01",15,"RA",351,"ALRU","Red alder","RA",71,11.1,72,60,1,"Y",0,0,24.6,0.123105662383916,631
"632",240591,"31_01",8,"DF",202,"PSME","Douglas-fir","DF",83,6.9,49,35,1,"Y",0,0,5.3,0.123105662383916,632
"633",240591,"31_01",11,"BM",312,"ACMA","Bigleaf maple","BM",73,7.1,42,65,1,"Y",0,0,6.9,0.123105662383916,633
"634",240591,"31_01",5,"DF",202,"PSME","Douglas-fir","DF",97,16.9,79,60,1,"Y",0,0,44.5,0.123105662383916,634
"635",240591,"31_01",21,"RA",351,"ALRU","Red alder","RA",49,14.3,83,70,1,"Y",0,0,44.2,0.123105662383916,635
"636",240591,"31_01",2,"DF",202,"PSME","Douglas-fir","DF",37,8.4,61,50,1,"Y",0,0,9.7,0.123105662383916,636
"637",240591,"31_01",7,"DF",202,"PSME","Douglas-fir","DF",85,12,76,45,1,"Y",0,0,23.5,0.123105662383916,637
"638",240591,"31_01",18,"RA",351,"ALRU","Red alder","RA",49,6.9,65,45,1,"Y",0,0,9.1,0.123105662383916,638
"639",240591,"31_01",9,"DF",202,"PSME","Douglas-fir","DF",75,10.5,74,40,1,"Y",0,0,18.1,0.123105662383916,639
"640",240591,"31_01",4,"DF",202,"PSME","Douglas-fir","DF",72,10.4,70,45,1,"Y",0,0,16.6,0.123105662383916,640
"641",240591,"31_01",10,"DF",202,"PSME","Douglas-fir","DF",77,17.8,75,50,1,"Y",0,0,45.8,0.123105662383916,641
"642",240591,"31_01",16,"RA",351,"ALRU","Red alder","RA",72,14.8,81,70,1,"Y",0,0,46.6,0.123105662383916,642
"643",240591,"31_01",19,"RA",351,"ALRU","Red alder","RA",61,7.6,72,55,1,"Y",0,0,11.6,0.123105662383916,643
"644",240591,"31_01",13,"DF",202,"PSME","Douglas-fir","DF",17,6.3,35,75,1,"Y",0,0,3.2,0.123105662383916,644
"645",240591,"31_01",12,"RA",351,"ALRU","Red alder","RA",31,9.4,54,55,1,"Y",0,0,15.2,0.123105662383916,645
"646",240591,"31_02",6,"DF",202,"PSME","Douglas-fir","DF",52,12,69,85,1,"Y",0,0,20.9,0.0190072677053576,646
"647",240591,"31_02",5,"DF",202,"PSME","Douglas-fir","DF",35,11.8,69,70,1,"Y",0,0,20.3,0.0190072677053576,647
"648",240591,"31_02",17,"DF",202,"PSME","Douglas-fir","DF",59,11.1,60,80,1,"Y",0,0,15.6,0.0190072677053576,648
"649",240591,"31_02",15,"DF",202,"PSME","Douglas-fir","DF",46,13.8,78,75,1,"Y",0,0,30.9,0.0190072677053576,649
"650",240591,"31_02",10,"DF",202,"PSME","Douglas-fir","DF",66,12.1,47,65,3,"Y",0,0,14.3,0.0190072677053576,650
"651",240591,"31_02",3,"DF",202,"PSME","Douglas-fir","DF",14,13.6,77,75,1,"Y",0,0,29.7,0.0190072677053576,651
"652",240591,"31_02",18,"DF",202,"PSME","Douglas-fir","DF",65,12.6,84,75,1,"Y",0,0,29,0.0190072677053576,652
"653",240591,"31_02",2,"DF",202,"PSME","Douglas-fir","DF",13,13.4,76,80,1,"Y",0,0,28.5,0.0190072677053576,653
"654",240591,"31_02",9,"DF",202,"PSME","Douglas-fir","DF",72,9.4,65,80,1,"Y",0,0,12.7,0.0190072677053576,654
"655",240591,"31_02",14,"DF",202,"PSME","Douglas-fir","DF",5,12.9,69,75,1,"Y",0,0,23.8,0.0190072677053576,655
"656",240591,"31_02",19,"DF",202,"PSME","Douglas-fir","DF",73,14.8,64,75,1,"Y",0,0,27.9,0.0190072677053576,656
"657",240591,"31_02",13,"DF",202,"PSME","Douglas-fir","DF",22,10,71,80,1,"Y",0,0,15.8,0.0190072677053576,657
"658",240591,"31_02",1,"DF",202,"PSME","Douglas-fir","DF",11,11.8,81,80,1,"Y",0,0,24.8,0.0190072677053576,658
"659",240591,"31_02",11,"DF",202,"PSME","Douglas-fir","DF",50,14.1,74,80,1,"Y",0,0,30.1,0.0190072677053576,659
"660",240591,"31_02",12,"DF",202,"PSME","Douglas-fir","DF",39,11.6,66,80,1,"Y",0,0,18.7,0.0190072677053576,660
"661",240591,"31_02",16,"DF",202,"PSME","Douglas-fir","DF",61,9.8,66,70,1,"Y",0,0,13.9,0.0190072677053576,661
"662",240591,"31_02",8,"DF",202,"PSME","Douglas-fir","DF",65,10.7,67,80,1,"Y",0,0,16.5,0.0190072677053576,662
"663",240591,"31_02",4,"DF",202,"PSME","Douglas-fir","DF",30,11.5,70,75,1,"Y",0,0,19.8,0.0190072677053576,663
"664",240591,"31_02",7,"DF",202,"PSME","Douglas-fir","DF",55,12.3,70,70,1,"Y",0,0,22.2,0.0190072677053576,664
"665",240591,"31_07",2,"OM",981,"UMCA","Oregon myrtle","OM",,1,5,,,"Y",,,0,4.084843056027,665
"666",240591,"31_07",3,"DF",202,"PSME","Douglas-fir","DF",2,18.8,95,60,1,"Y",0,0,66.7,0.653574888964321,666
"667",240591,"31_07",7,"DF",202,"PSME","Douglas-fir","DF",56,14.7,78,45,1,"Y",0,0,34.5,0.653574888964321,667
"668",240591,"31_07",22,"DF",202,"PSME","Douglas-fir","DF",26,11.9,81,40,1,"Y",0,0,25.1,0.653574888964321,668
"669",240591,"31_07",20,"DF",202,"PSME","Douglas-fir","DF",48,15.7,88,45,1,"Y",0,0,44.8,0.653574888964321,669
"670",240591,"31_07",8,"DF",202,"PSME","Douglas-fir","DF",60,14,81,40,1,"Y",0,0,33.2,0.653574888964321,670
"671",240591,"31_07",16,"DF",202,"PSME","Douglas-fir","DF",37,8,71,25,1,"Y",0,0,10.5,0.653574888964321,671
"672",240591,"31_07",17,"DF",202,"PSME","Douglas-fir","DF",46,13.8,82,50,1,"Y",0,0,32.9,0.653574888964321,672
"673",240591,"31_07",4,"DF",202,"PSME","Douglas-fir","DF",57,5.7,63,30,1,"Y",0,0,4.9,0.653574888964321,673
"674",240591,"31_07",15,"DF",202,"PSME","Douglas-fir","DF",27,18.2,85,50,1,"Y",0,0,55.1,0.653574888964321,674
"675",240591,"31_07",9,"DF",202,"PSME","Douglas-fir","DF",66,11,74,75,1,"Y",0,0,19.6,0.653574888964321,675
"676",240591,"31_07",11,"DF",202,"PSME","Douglas-fir","DF",62,15.8,87,55,1,"Y",0,0,44.6,0.653574888964321,676
"677",240591,"31_07",18,"DF",202,"PSME","Douglas-fir","DF",48,17.3,84,65,1,"Y",0,0,49.9,0.653574888964321,677
"678",240591,"31_07",1,"DF",202,"PSME","Douglas-fir","DF",12,14.4,73,45,1,"Y",0,0,30.8,0.653574888964321,678
"679",240591,"31_07",21,"DF",202,"PSME","Douglas-fir","DF",33,13.7,73,40,1,"Y",0,0,28.2,0.653574888964321,679
"680",240591,"31_07",13,"DF",202,"PSME","Douglas-fir","DF",17,13.7,86,50,1,"Y",0,0,34.5,0.653574888964321,680
"681",240591,"31_07",2,"OM",981,"UMCA","Oregon myrtle","OM",,1,5,,,"Y",,,0,4.084843056027,681
"682",240591,"31_07",14,"DF",202,"PSME","Douglas-fir","DF",5,13.1,84,40,1,"Y",0,0,31,0.653574888964321,682
"683",240591,"31_07",2,"DF",202,"PSME","Douglas-fir","DF",1,12.1,81,40,1,"Y",0,0,25.8,0.653574888964321,683
"684",240591,"31_07",1,"WH",263,"TSHE","Western hemlock","WH",,1,11,,,"Y",,,0.1,4.084843056027,684
"685",240591,"31_07",12,"DF",202,"PSME","Douglas-fir","DF",26,14.7,87,50,1,"Y",0,0,39.5,0.653574888964321,685
"686",240591,"31_07",6,"DF",202,"PSME","Douglas-fir","DF",42,17.4,73,55,1,"Y",0,0,42.7,0.653574888964321,686
"687",240591,"31_07",3,"RC",242,"THPL","Western redcedar","RC",,1,5,,,"Y",,,0,4.084843056027,687
"688",240591,"31_07",10,"DF",202,"PSME","Douglas-fir","DF",55,13.6,82,50,1,"Y",0,0,32.1,0.653574888964321,688
"689",240591,"31_07",19,"DF",202,"PSME","Douglas-fir","DF",45,17,87,40,1,"Y",0,0,50.5,0.653574888964321,689
"690",240591,"31_07",5,"RA",351,"ALRU","Red alder","RA",43,8.1,62,40,1,"Y",0,0,12.1,0.653574888964321,690
"691",240591,"31_16",18,"DF",202,"PSME","Douglas-fir","DF",106,11.3,81,70,1,"Y",0,0,23,1.27089207633099,691
"692",240591,"31_16",21,"RA",351,"ALRU","Red alder","RA",75,10,60,60,1,"Y",0,0,18.1,1.27089207633099,692
"693",240591,"31_16",7,"DF",202,"PSME","Douglas-fir","DF",53,17.5,90,65,1,"Y",0,0,55.3,1.27089207633099,693
"694",240591,"31_16",2,"DF",202,"PSME","Douglas-fir","DF",61,11.6,72,75,1,"Y",0,0,20.8,1.27089207633099,694
"695",240591,"31_16",5,"OM",981,"UMCA","Oregon myrtle","OM",,1,12,,,"Y",,,0,7.9430754770687,695
"696",240591,"31_16",17,"DF",202,"PSME","Douglas-fir","DF",95,9.9,79,75,1,"Y",0,0,17.7,1.27089207633099,696
"697",240591,"31_16",4,"OM",981,"UMCA","Oregon myrtle","OM",,2,18,,,"Y",,,0.2,7.9430754770687,697
"698",240591,"31_16",20,"DF",202,"PSME","Douglas-fir","DF",69,8.8,57,85,1,"Y",0,0,9.7,1.27089207633099,698
"699",240591,"31_16",3,"OM",981,"UMCA","Oregon myrtle","OM",,3,24,,,"Y",,,0.6,7.9430754770687,699
"700",240591,"31_16",4,"DF",202,"PSME","Douglas-fir","DF",89,7.2,63,30,1,"Y",0,0,7.5,1.27089207633099,700
"701",240591,"31_16",13,"RA",351,"ALRU","Red alder","RA",28,8.1,46,75,1,"Y",0,0,10.5,1.27089207633099,701
"702",240591,"31_16",30,"RA",351,"ALRU","Red alder","RA",14,7.1,57,35,1,"Y",0,0,9,1.27089207633099,702
"703",240591,"31_16",5,"OM",981,"UMCA","Oregon myrtle","OM",,1,12,,,"Y",,,0,7.9430754770687,703
"704",240591,"31_16",24,"DF",202,"PSME","Douglas-fir","DF",41,13.4,57,30,2,"Y",0,0,20.7,1.27089207633099,704
"705",240591,"31_16",28,"RA",351,"ALRU","Red alder","RA",13,13.2,80,60,1,"Y",0,0,36.9,1.27089207633099,705
"706",240591,"31_16",2,"OM",981,"UMCA","Oregon myrtle","OM",,4,34,,,"Y",,,2.4,7.9430754770687,706
"707",240591,"31_16",6,"DF",202,"PSME","Douglas-fir","DF",68,10.4,68,40,3,"Y",0,0,16,1.27089207633099,707
"708",240591,"31_16",19,"DF",202,"PSME","Douglas-fir","DF",104,5.5,45,25,1,"Y",0,0,3.1,1.27089207633099,708
"709",240591,"31_16",1,"DF",202,"PSME","Douglas-fir","DF",54,10.6,60,40,2,"Y",0,0,14.3,1.27089207633099,709
"710",240591,"31_16",5,"OM",981,"UMCA","Oregon myrtle","OM",,1,12,,,"Y",,,0,7.9430754770687,710
"711",240591,"31_16",10,"DF",202,"PSME","Douglas-fir","DF",56,5.7,50,30,1,"Y",0,0,3.8,1.27089207633099,711
"712",240591,"31_16",27,"DF",202,"PSME","Douglas-fir","DF",7,11.7,83,65,1,"Y",0,0,25.2,1.27089207633099,712
"713",240591,"31_16",3,"OM",981,"UMCA","Oregon myrtle","OM",,3,24,,,"Y",,,0.6,7.9430754770687,713
"714",240591,"31_16",29,"RA",351,"ALRU","Red alder","RA",14,11.5,65,50,1,"Y",0,0,25,1.27089207633099,714
"715",240591,"31_16",15,"DF",202,"PSME","Douglas-fir","DF",91,11.8,72,75,1,"Y",0,0,21.4,1.27089207633099,715
"716",240591,"31_16",2,"OM",981,"UMCA","Oregon myrtle","OM",,4,34,,,"Y",,,2.4,7.9430754770687,716
"717",240591,"31_16",5,"DF",202,"PSME","Douglas-fir","DF",88,14.8,83,60,1,"Y",0,0,37.7,1.27089207633099,717
"718",240591,"31_16",8,"DF",202,"PSME","Douglas-fir","DF",62,9.5,67,60,1,"Y",0,0,13.4,1.27089207633099,718
"719",240591,"31_16",14,"RA",351,"ALRU","Red alder","RA",31,6.5,47,75,1,"Y",0,0,6.9,1.27089207633099,719
"720",240591,"31_16",25,"DF",202,"PSME","Douglas-fir","DF",29,8.5,48,35,1,"Y",0,0,7.6,1.27089207633099,720
"721",240591,"31_16",3,"OM",981,"UMCA","Oregon myrtle","OM",,3,24,,,"Y",,,0.6,7.9430754770687,721
"722",240591,"31_16",3,"DF",202,"PSME","Douglas-fir","DF",77,10.9,71,40,1,"Y",0,0,18.3,1.27089207633099,722
"723",240591,"31_16",12,"DF",202,"PSME","Douglas-fir","DF",16,7.2,44,40,1,"Y",0,0,5.1,1.27089207633099,723
"724",240591,"31_16",11,"DF",202,"PSME","Douglas-fir","DF",6,7,49,75,1,"Y",0,0,5.4,1.27089207633099,724
"725",240591,"31_16",5,"OM",981,"UMCA","Oregon myrtle","OM",,1,12,,,"Y",,,0,7.9430754770687,725
"726",240591,"31_16",22,"DF",202,"PSME","Douglas-fir","DF",69,15.8,95,70,1,"Y",0,0,49.8,1.27089207633099,726
"727",240591,"31_16",16,"WH",263,"TSHE","Western hemlock","WH",97,7.4,59,45,1,"Y",0,0,7.9,1.27089207633099,727
"728",240591,"31_16",1,"DF",202,"PSME","Douglas-fir","DF",,3,27,,,"Y",,,0.6,7.9430754770687,728
"729",240591,"31_16",9,"DF",202,"PSME","Douglas-fir","DF",64,11.3,66,70,1,"Y",0,0,17.9,1.27089207633099,729
"730",240591,"31_16",4,"OM",981,"UMCA","Oregon myrtle","OM",,2,18,,,"Y",,,0.2,7.9430754770687,730
"731",240591,"31_16",23,"DF",202,"PSME","Douglas-fir","DF",42,11.9,74,50,1,"Y",0,0,22.4,1.27089207633099,731
"732",240591,"31_16",26,"DF",202,"PSME","Douglas-fir","DF",20,15.7,39,30,2,"Y",0,0,20,1.27089207633099,732
"733",240591,"31_17",7,"DF",202,"PSME","Douglas-fir","DF",22,14.2,75,50,1,"Y",0,0,31,0.00958838040645549,733
"734",240591,"31_17",1,"OM",981,"UMCA","Oregon myrtle","OM",,1,15,,,"Y",,,0,0.0599273775403468,734
"735",240591,"31_17",15,"DF",202,"PSME","Douglas-fir","DF",22,11.4,68,50,1,"Y",0,0,18.8,0.00958838040645549,735
"736",240591,"31_17",16,"DF",202,"PSME","Douglas-fir","DF",17,12,69,50,1,"Y",0,0,20.9,0.00958838040645549,736
"737",240591,"31_17",1,"OM",981,"UMCA","Oregon myrtle","OM",,1,15,,,"Y",,,0,0.0599273775403468,737
"738",240591,"31_17",1,"OM",981,"UMCA","Oregon myrtle","OM",,1,15,,,"Y",,,0,0.0599273775403468,738
"739",240591,"31_17",9,"DF",202,"PSME","Douglas-fir","DF",24,12.7,72,50,1,"Y",0,0,24.3,0.00958838040645549,739
"740",240591,"31_17",1,"OM",981,"UMCA","Oregon myrtle","OM",,1,15,,,"Y",,,0,0.0599273775403468,740
"741",240591,"31_17",20,"DF",202,"PSME","Douglas-fir","DF",14,12.5,68,50,1,"Y",0,0,22.1,0.00958838040645549,741
"742",240591,"31_17",1,"OM",981,"UMCA","Oregon myrtle","OM",,1,15,,,"Y",,,0,0.0599273775403468,742
"743",240591,"31_17",17,"DF",202,"PSME","Douglas-fir","DF",6,12.9,62,50,1,"Y",0,0,21.1,0.00958838040645549,743
"744",240591,"31_17",24,"DF",202,"PSME","Douglas-fir","DF",26,12.9,67,50,1,"Y",0,0,23,0.00958838040645549,744
"745",240591,"31_17",1,"OM",981,"UMCA","Oregon myrtle","OM",,1,15,,,"Y",,,0,0.0599273775403468,745
"746",240591,"31_17",1,"OM",981,"UMCA","Oregon myrtle","OM",,1,15,,,"Y",,,0,0.0599273775403468,746
"747",240591,"31_17",1,"OM",981,"UMCA","Oregon myrtle","OM",,1,15,,,"Y",,,0,0.0599273775403468,747
"748",240591,"31_17",10,"DF",202,"PSME","Douglas-fir","DF",28,15.6,76,50,1,"Y",0,0,37.1,0.00958838040645549,748
"749",240591,"31_17",25,"DF",202,"PSME","Douglas-fir","DF",25,16.1,65,50,1,"Y",0,0,32.8,0.00958838040645549,749
"750",240591,"31_17",26,"DF",202,"PSME","Douglas-fir","DF",23,14.3,71,50,1,"Y",0,0,29.4,0.00958838040645549,750
"751",240591,"31_17",6,"DF",202,"PSME","Douglas-fir","DF",12,9.9,63,45,1,"Y",0,0,13.4,0.00958838040645549,751
"752",240591,"31_17",1,"OM",981,"UMCA","Oregon myrtle","OM",,1,15,,,"Y",,,0,0.0599273775403468,752
"753",240591,"31_17",19,"DF",202,"PSME","Douglas-fir","DF",5,13.6,68,50,1,"Y",0,0,25.7,0.00958838040645549,753
"754",240591,"31_17",1,"OM",981,"UMCA","Oregon myrtle","OM",,1,15,,,"Y",,,0,0.0599273775403468,754
"755",240591,"31_17",8,"DF",202,"PSME","Douglas-fir","DF",28,10.5,74,50,1,"Y",0,0,18.1,0.00958838040645549,755
"756",240591,"31_17",1,"DF",202,"PSME","Douglas-fir","DF",9,13.8,73,50,1,"Y",0,0,28.6,0.00958838040645549,756
"757",240591,"31_17",3,"DF",202,"PSME","Douglas-fir","DF",1,13.8,75,45,1,"Y",0,0,29.5,0.00958838040645549,757
"758",240591,"31_17",5,"DF",202,"PSME","Douglas-fir","DF",11,15.2,72,50,1,"Y",0,0,33.3,0.00958838040645549,758
"759",240591,"31_17",14,"DF",202,"PSME","Douglas-fir","DF",20,13.2,74,50,1,"Y",0,0,26.9,0.00958838040645549,759
"760",240591,"31_17",2,"DF",202,"PSME","Douglas-fir","DF",4,14.1,75,50,1,"Y",0,0,30.6,0.00958838040645549,760
"761",240591,"31_17",21,"DF",202,"PSME","Douglas-fir","DF",18,13.7,75,45,1,"Y",0,0,29.1,0.00958838040645549,761
"762",240591,"31_17",12,"DF",202,"PSME","Douglas-fir","DF",23,13.1,75,50,1,"Y",0,0,27,0.00958838040645549,762
"763",240591,"31_17",23,"DF",202,"PSME","Douglas-fir","DF",23,10.8,63,50,1,"Y",0,0,15.7,0.00958838040645549,763
"764",240591,"31_17",22,"DF",202,"PSME","Douglas-fir","DF",20,12,66,50,1,"Y",0,0,19.9,0.00958838040645549,764
"765",240591,"31_17",4,"DF",202,"PSME","Douglas-fir","DF",2,15,70,50,1,"Y",0,0,31.5,0.00958838040645549,765
"766",240591,"31_17",18,"DF",202,"PSME","Douglas-fir","DF",9,10,68,50,1,"Y",0,0,15,0.00958838040645549,766
"767",240591,"31_17",13,"DF",202,"PSME","Douglas-fir","DF",28,9.5,64,45,1,"Y",0,0,12.7,0.00958838040645549,767
"768",240591,"31_17",1,"OM",981,"UMCA","Oregon myrtle","OM",,1,15,,,"Y",,,0,0.0599273775403468,768
"769",240591,"31_17",11,"DF",202,"PSME","Douglas-fir","DF",23,12.7,72,50,1,"Y",0,0,24.3,0.00958838040645549,769
"770",240591,"31_17",1,"OM",981,"UMCA","Oregon myrtle","OM",,1,15,,,"Y",,,0,0.0599273775403468,770
"771",240591,"31_18",18,"RA",351,"ALRU","Red alder","RA",45,9,61,55,1,"Y",0,0,14.8,1.0840166783503,771
"772",240591,"31_18",13,"DF",202,"PSME","Douglas-fir","DF",45,7.4,40,55,1,"Y",0,0,4.9,1.0840166783503,772
"773",240591,"31_18",17,"DF",202,"PSME","Douglas-fir","DF",52,7.5,51,65,1,"Y",0,0,6.4,1.0840166783503,773
"774",240591,"31_18",7,"RA",351,"ALRU","Red alder","RA",45,9,50,50,1,"Y",0,0,13.5,1.0840166783503,774
"775",240591,"31_18",19,"RA",351,"ALRU","Red alder","RA",16,8.3,52,60,1,"Y",0,0,11.7,1.0840166783503,775
"776",240591,"31_18",10,"DF",202,"PSME","Douglas-fir","DF",4,10.8,79,70,1,"Y",0,0,20.6,1.0840166783503,776
"777",240591,"31_18",11,"BM",312,"ACMA","Bigleaf maple","BM",27,22,70,70,1,"Y",0,0,113.8,1.0840166783503,777
"778",240591,"31_18",20,"DF",202,"PSME","Douglas-fir","DF",54,7.9,47,80,1,"Y",0,0,6.5,1.0840166783503,778
"779",240591,"31_18",3,"BM",312,"ACMA","Bigleaf maple","BM",12,10,44,50,1,"Y",0,0,15.1,1.0840166783503,779
"780",240591,"31_18",2,"RA",351,"ALRU","Red alder","RA",,4,45,,,"Y",,,2.5,6.77510423968935,780
"781",240591,"31_18",3,"RA",351,"ALRU","Red alder","RA",,1,10,,,"Y",,,0,6.77510423968935,781
"782",240591,"31_18",9,"DF",202,"PSME","Douglas-fir","DF",2,10.2,64,85,1,"Y",0,0,14.4,1.0840166783503,782
"783",240591,"31_18",12,"BM",312,"ACMA","Bigleaf maple","BM",30,24,60,40,1,"Y",0,0,126.4,1.0840166783503,783
"784",240591,"31_18",3,"RA",351,"ALRU","Red alder","RA",,1,10,,,"Y",,,0,6.77510423968935,784
"785",240591,"31_18",5,"DF",202,"PSME","Douglas-fir","DF",4,9.4,60,45,1,"Y",0,0,11.6,1.0840166783503,785
"786",240591,"31_18",4,"DF",202,"PSME","Douglas-fir","DF",9,7.1,53,40,1,"Y",0,0,6.1,1.0840166783503,786
"787",240591,"31_18",14,"DF",202,"PSME","Douglas-fir","DF",65,12.8,72,85,1,"Y",0,0,24.7,1.0840166783503,787
"788",240591,"31_18",2,"BM",312,"ACMA","Bigleaf maple","BM",22,9.6,35,0,2,"N",3,0,12.1,1.0840166783503,788
"789",240591,"31_18",8,"DF",202,"PSME","Douglas-fir","DF",38,13,68,75,1,"Y",0,0,23.7,1.0840166783503,789
"790",240591,"31_18",16,"RA",351,"ALRU","Red alder","RA",50,8.1,55,50,1,"Y",0,0,11.4,1.0840166783503,790
"791",240591,"31_18",1,"RA",351,"ALRU","Red alder","RA",,2,20,,,"Y",,,0.2,6.77510423968935,791
"792",240591,"31_18",15,"DF",202,"PSME","Douglas-fir","DF",70,12,77,75,1,"Y",0,0,23.9,1.0840166783503,792
"793",240591,"31_18",1,"DF",202,"PSME","Douglas-fir","DF",41,13.6,72,75,1,"Y",0,0,27.4,1.0840166783503,793
"794",240591,"31_18",6,"RA",351,"ALRU","Red alder","RA",32,6.1,45,60,1,"Y",0,0,5.9,1.0840166783503,794
"795",240591,"31_20",22,"DF",202,"PSME","Douglas-fir","DF",20,13.5,70,65,1,"Y",0,0,26.2,0.0284602332323079,795
"796",240591,"31_20",8,"DF",202,"PSME","Douglas-fir","DF",25,10.1,66,40,1,"Y",0,0,14.7,0.0284602332323079,796
"797",240591,"31_20",18,"DF",202,"PSME","Douglas-fir","DF",29,9.3,66,45,1,"Y",0,0,12.7,0.0284602332323079,797
"798",240591,"31_20",5,"DF",202,"PSME","Douglas-fir","DF",5,10.5,62,0,1,"N",2,0,14.6,0.0284602332323079,798
"799",240591,"31_20",6,"DF",202,"PSME","Douglas-fir","DF",6,11.3,68,55,1,"Y",0,0,18.5,0.0284602332323079,799
"800",240591,"31_20",3,"DF",202,"PSME","Douglas-fir","DF",,2,15,,,"Y",,,0.2,0.177876457701925,800
"801",240591,"31_20",1,"WH",263,"TSHE","Western hemlock","WH",,1,11,,,"Y",,,0.1,0.177876457701925,801
"802",240591,"31_20",14,"DF",202,"PSME","Douglas-fir","DF",62,11.2,64,35,1,"Y",0,0,17,0.0284602332323079,802
"803",240591,"31_20",13,"DF",202,"PSME","Douglas-fir","DF",62,11.8,76,45,1,"Y",0,0,22.9,0.0284602332323079,803
"804",240591,"31_20",2,"DF",202,"PSME","Douglas-fir","DF",,1,12,,,"Y",,,0.1,0.177876457701925,804
"805",240591,"31_20",16,"DF",202,"PSME","Douglas-fir","DF",48,10.6,75,35,1,"Y",0,0,18.7,0.0284602332323079,805
"806",240591,"31_20",2,"DF",202,"PSME","Douglas-fir","DF",,1,12,,,"Y",,,0.1,0.177876457701925,806
"807",240591,"31_20",12,"DF",202,"PSME","Douglas-fir","DF",68,11.5,63,50,1,"Y",0,0,17.5,0.0284602332323079,807
"808",240591,"31_20",1,"DF",202,"PSME","Douglas-fir","DF",53,10.1,61,75,1,"Y",0,0,13.4,0.0284602332323079,808
"809",240591,"31_20",3,"DF",202,"PSME","Douglas-fir","DF",44,13.1,60,45,1,"Y",0,0,20.9,0.0284602332323079,809
"810",240591,"31_20",5,"WH",263,"TSHE","Western hemlock","WH",,2,17,,,"Y",,,0.2,0.177876457701925,810
"811",240591,"31_20",10,"DF",202,"PSME","Douglas-fir","DF",59,12.1,85,45,1,"Y",0,0,27.5,0.0284602332323079,811
"812",240591,"31_20",24,"DF",202,"PSME","Douglas-fir","DF",30,9.7,63,50,1,"Y",0,0,13,0.0284602332323079,812
"813",240591,"31_20",2,"DF",202,"PSME","Douglas-fir","DF",,1,12,,,"Y",,,0.1,0.177876457701925,813
"814",240591,"31_20",11,"DF",202,"PSME","Douglas-fir","DF",52,11.2,67,35,1,"Y",0,0,17.9,0.0284602332323079,814
"815",240591,"31_20",2,"DF",202,"PSME","Douglas-fir","DF",,1,12,,,"Y",,,0.1,0.177876457701925,815
"816",240591,"31_20",9,"DF",202,"PSME","Douglas-fir","DF",30,12.4,93,40,1,"Y",0,0,32,0.0284602332323079,816
"817",240591,"31_20",3,"DF",202,"PSME","Douglas-fir","DF",,2,15,,,"Y",,,0.2,0.177876457701925,817
"818",240591,"31_20",20,"DF",202,"PSME","Douglas-fir","DF",24,14.1,73,50,1,"Y",0,0,29.7,0.0284602332323079,818
"819",240591,"31_20",25,"DF",202,"PSME","Douglas-fir","DF",39,13,64,70,1,"Y",0,0,22.1,0.0284602332323079,819
"820",240591,"31_20",2,"DF",202,"PSME","Douglas-fir","DF",,1,12,,,"Y",,,0.1,0.177876457701925,820
"821",240591,"31_20",15,"DF",202,"PSME","Douglas-fir","DF",62,12.5,83,50,1,"Y",0,0,28.2,0.0284602332323079,821
"822",240591,"31_20",19,"DF",202,"PSME","Douglas-fir","DF",26,9.7,60,50,1,"Y",0,0,12.2,0.0284602332323079,822
"823",240591,"31_20",7,"DF",202,"PSME","Douglas-fir","DF",19,9.4,63,35,1,"Y",0,0,12.3,0.0284602332323079,823
"824",240591,"31_20",21,"DF",202,"PSME","Douglas-fir","DF",1,12.9,72,45,1,"Y",0,0,25,0.0284602332323079,824
"825",240591,"31_20",4,"DF",202,"PSME","Douglas-fir","DF",,3,27,,,"Y",,,0.6,0.177876457701925,825
"826",240591,"31_20",23,"DF",202,"PSME","Douglas-fir","DF",26,9.7,51,40,1,"Y",0,0,10.3,0.0284602332323079,826
"827",240591,"31_20",2,"DF",202,"PSME","Douglas-fir","DF",,1,12,,,"Y",,,0.1,0.177876457701925,827
"828",240591,"31_20",4,"DF",202,"PSME","Douglas-fir","DF",7,10.8,65,55,1,"Y",0,0,16.2,0.0284602332323079,828
"829",240591,"31_20",2,"DF",202,"PSME","Douglas-fir","DF",,1,12,,,"Y",,,0.1,0.177876457701925,829
"830",240591,"31_20",1,"WH",263,"TSHE","Western hemlock","WH",,1,11,,,"Y",,,0.1,0.177876457701925,830
"831",240591,"31_20",2,"DF",202,"PSME","Douglas-fir","DF",57,11.5,61,70,1,"Y",0,0,16.9,0.0284602332323079,831
"832",240591,"31_20",5,"WH",263,"TSHE","Western hemlock","WH",,2,17,,,"Y",,,0.2,0.177876457701925,832
"833",240591,"31_20",17,"DF",202,"PSME","Douglas-fir","DF",50,11.2,63,40,1,"Y",0,0,16.7,0.0284602332323079,833
"834",240591,"31_20",2,"DF",202,"PSME","Douglas-fir","DF",,1,12,,,"Y",,,0.1,0.177876457701925,834
"835",240591,"31_20",2,"DF",202,"PSME","Douglas-fir","DF",,1,12,,,"Y",,,0.1,0.177876457701925,835
"836",240591,"31_20",2,"DF",202,"PSME","Douglas-fir","DF",,1,12,,,"Y",,,0.1,0.177876457701925,836
"837",240591,"31_20",1,"WH",263,"TSHE","Western hemlock","WH",,1,11,,,"Y",,,0.1,0.177876457701925,837
"838",240591,"31_20",1,"WH",263,"TSHE","Western hemlock","WH",,1,11,,,"Y",,,0.1,0.177876457701925,838
"839",240591,"31_25",18,"DF",202,"PSME","Douglas-fir","DF",5,10,67,35,1,"Y",0,0,14.7,0.0666951130052532,839
"840",240591,"31_25",15,"DF",202,"PSME","Douglas-fir","DF",20,10.1,68,35,1,"Y",0,0,15.2,0.0666951130052532,840
"841",240591,"31_25",1,"TO",631,"LIDE3","Tanoak","TO",,1,10,,,"Y",,,0,0.416844456282833,841
"842",240591,"31_25",4,"DF",202,"PSME","Douglas-fir","DF",13,14.1,83,60,1,"Y",0,0,34.7,0.0666951130052532,842
"843",240591,"31_25",2,"DF",202,"PSME","Douglas-fir","DF",22,10.4,64,50,1,"Y",0,0,14.9,0.0666951130052532,843
"844",240591,"31_25",12,"DF",202,"PSME","Douglas-fir","DF",16,6.9,55,40,1,"Y",0,0,6,0.0666951130052532,844
"845",240591,"31_25",1,"TO",631,"LIDE3","Tanoak","TO",,1,10,,,"Y",,,0,0.416844456282833,845
"846",240591,"31_25",6,"DF",202,"PSME","Douglas-fir","DF",2,8.3,61,35,1,"Y",0,0,9.5,0.0666951130052532,846
"847",240591,"31_25",11,"DF",202,"PSME","Douglas-fir","DF",15,11,72,35,1,"Y",0,0,18.9,0.0666951130052532,847
"848",240591,"31_25",1,"TO",631,"LIDE3","Tanoak","TO",,1,10,,,"Y",,,0,0.416844456282833,848
"849",240591,"31_25",5,"DF",202,"PSME","Douglas-fir","DF",8,12.6,76,45,1,"Y",0,0,25.6,0.0666951130052532,849
"850",240591,"31_25",22,"DF",202,"PSME","Douglas-fir","DF",19,11.4,70,45,1,"Y",0,0,19.5,0.0666951130052532,850
"851",240591,"31_25",7,"DF",202,"PSME","Douglas-fir","DF",1,11.3,77,30,1,"Y",0,0,21.6,0.0666951130052532,851
"852",240591,"31_25",14,"DF",202,"PSME","Douglas-fir","DF",18,9.3,45,20,1,"Y",0,0,8.4,0.0666951130052532,852
"853",240591,"31_25",1,"TO",631,"LIDE3","Tanoak","TO",,1,10,,,"Y",,,0,0.416844456282833,853
"854",240591,"31_25",10,"DF",202,"PSME","Douglas-fir","DF",13,13,77,35,1,"Y",0,0,27.5,0.0666951130052532,854
"855",240591,"31_25",17,"DF",202,"PSME","Douglas-fir","DF",4,11.3,77,25,1,"Y",0,0,21.6,0.0666951130052532,855
"856",240591,"31_25",1,"TO",631,"LIDE3","Tanoak","TO",,1,10,,,"Y",,,0,0.416844456282833,856
"857",240591,"31_25",20,"DF",202,"PSME","Douglas-fir","DF",15,11.1,72,30,1,"Y",0,0,19.2,0.0666951130052532,857
"858",240591,"31_25",19,"DF",202,"PSME","Douglas-fir","DF",8,11.2,76,30,1,"Y",0,0,20.9,0.0666951130052532,858
"859",240591,"31_25",13,"DF",202,"PSME","Douglas-fir","DF",20,10.3,68,35,1,"Y",0,0,15.8,0.0666951130052532,859
"860",240591,"31_25",9,"DF",202,"PSME","Douglas-fir","DF",12,9.7,62,30,1,"Y",0,0,12.7,0.0666951130052532,860
"861",240591,"31_25",3,"DF",202,"PSME","Douglas-fir","DF",12,8.9,57,40,1,"Y",0,0,9.9,0.0666951130052532,861
"862",240591,"31_25",1,"TO",631,"LIDE3","Tanoak","TO",,1,10,,,"Y",,,0,0.416844456282833,862
"863",240591,"31_25",1,"TO",631,"LIDE3","Tanoak","TO",,1,10,,,"Y",,,0,0.416844456282833,863
"864",240591,"31_25",1,"TO",631,"LIDE3","Tanoak","TO",,1,10,,,"Y",,,0,0.416844456282833,864
"865",240591,"31_25",25,"DF",202,"PSME","Douglas-fir","DF",22,11.6,68,20,1,"Y",0,0,19.4,0.0666951130052532,865
"866",240591,"31_25",23,"DF",202,"PSME","Douglas-fir","DF",25,10.9,73,25,1,"Y",0,0,19,0.0666951130052532,866
"867",240591,"31_25",1,"TO",631,"LIDE3","Tanoak","TO",,1,10,,,"Y",,,0,0.416844456282833,867
"868",240591,"31_25",1,"DF",202,"PSME","Douglas-fir","DF",23,9.3,67,50,1,"Y",0,0,12.9,0.0666951130052532,868
"869",240591,"31_25",8,"DF",202,"PSME","Douglas-fir","DF",6,10.1,71,35,1,"Y",0,0,16,0.0666951130052532,869
"870",240591,"31_25",16,"DF",202,"PSME","Douglas-fir","DF",8,11.8,65,35,1,"Y",0,0,19,0.0666951130052532,870
"871",240591,"31_25",24,"DF",202,"PSME","Douglas-fir","DF",24,9,66,25,1,"Y",0,0,12,0.0666951130052532,871
"872",240591,"31_25",21,"DF",202,"PSME","Douglas-fir","DF",26,11.9,71,25,1,"Y",0,0,21.3,0.0666951130052532,872
"873",240591,"31_27",1,"DF",202,"PSME","Douglas-fir","DF",43,9.6,60,50,3,"Y",0,0,12,0.132512117315234,873
"874",240591,"31_27",4,"BM",312,"ACMA","Bigleaf maple","BM",,1,13,,,"Y",,,0,0.828200733220211,874
"875",240591,"31_27",20,"DF",202,"PSME","Douglas-fir","DF",73,6.8,58,50,1,"Y",0,0,6.2,0.132512117315234,875
"876",240591,"31_27",27,"DF",202,"PSME","Douglas-fir","DF",10,11.1,67,70,1,"Y",0,0,17.6,0.132512117315234,876
"877",240591,"31_27",22,"DF",202,"PSME","Douglas-fir","DF",60,10.8,65,70,1,"Y",0,0,16.2,0.132512117315234,877
"878",240591,"31_27",5,"CH",760,"PRUNU","Cherry","OtherBroadLeaved",,4,32,,,"Y",,,1.4,0.828200733220211,878
"879",240591,"31_27",2,"BM",312,"ACMA","Bigleaf maple","BM",,3,38,,,"Y",,,1,0.828200733220211,879
"880",240591,"31_27",1,"BM",312,"ACMA","Bigleaf maple","BM",,5,48,,,"Y",,,3.4,0.828200733220211,880
"881",240591,"31_27",4,"BM",312,"ACMA","Bigleaf maple","BM",,1,13,,,"Y",,,0,0.828200733220211,881
"882",240591,"31_27",16,"RA",351,"ALRU","Red alder","RA",62,11.2,67,60,1,"Y",0,0,24.1,0.132512117315234,882
"883",240591,"31_27",3,"BM",312,"ACMA","Bigleaf maple","BM",,2,30,,,"Y",,,0.3,0.828200733220211,883
"884",240591,"31_27",12,"DF",202,"PSME","Douglas-fir","DF",24,10.6,60,75,1,"Y",0,0,14.3,0.132512117315234,884
"885",240591,"31_27",3,"BM",312,"ACMA","Bigleaf maple","BM",,2,30,,,"Y",,,0.3,0.828200733220211,885
"886",240591,"31_27",2,"BM",312,"ACMA","Bigleaf maple","BM",,3,38,,,"Y",,,1,0.828200733220211,886
"887",240591,"31_27",28,"DF",202,"PSME","Douglas-fir","DF",2,11.5,66,70,1,"Y",0,0,18.4,0.132512117315234,887
"888",240591,"31_27",25,"DF",202,"PSME","Douglas-fir","DF",49,11.5,63,70,1,"Y",0,0,17.5,0.132512117315234,888
"889",240591,"31_27",9,"DF",202,"PSME","Douglas-fir","DF",66,8,56,55,1,"Y",0,0,8,0.132512117315234,889
"890",240591,"31_27",6,"CH",760,"PRUNU","Cherry","OtherBroadLeaved",,2,20,,,"Y",,,0.2,0.828200733220211,890
"891",240591,"31_27",3,"BM",312,"ACMA","Bigleaf maple","BM",,2,30,,,"Y",,,0.3,0.828200733220211,891
"892",240591,"31_27",24,"DF",202,"PSME","Douglas-fir","DF",47,6.1,55,60,1,"Y",0,0,4.8,0.132512117315234,892
"893",240591,"31_27",14,"RA",351,"ALRU","Red alder","RA",40,6.7,53,75,1,"Y",0,0,7.7,0.132512117315234,893
"894",240591,"31_27",7,"DF",202,"PSME","Douglas-fir","DF",67,13.3,72,65,1,"Y",0,0,26.4,0.132512117315234,894
"895",240591,"31_27",10,"RA",351,"ALRU","Red alder","RA",66,9.1,47,75,1,"Y",0,0,13.4,0.132512117315234,895
"896",240591,"31_27",3,"DF",202,"PSME","Douglas-fir","DF",74,10.1,67,60,1,"Y",0,0,15,0.132512117315234,896
"897",240591,"31_27",15,"DF",202,"PSME","Douglas-fir","DF",57,13.9,73,70,3,"Y",0,0,28.9,0.132512117315234,897
"898",240591,"31_27",21,"DF",202,"PSME","Douglas-fir","DF",56,12.6,75,65,1,"Y",0,0,25.2,0.132512117315234,898
"899",240591,"31_27",2,"DF",202,"PSME","Douglas-fir","DF",64,9.3,70,60,1,"Y",0,0,13.6,0.132512117315234,899
"900",240591,"31_27",23,"DF",202,"PSME","Douglas-fir","DF",57,6.6,47,75,1,"Y",0,0,4.6,0.132512117315234,900
"901",240591,"31_27",4,"BM",312,"ACMA","Bigleaf maple","BM",,1,13,,,"Y",,,0,0.828200733220211,901
"902",240591,"31_27",8,"DF",202,"PSME","Douglas-fir","DF",70,13.4,79,70,1,"Y",0,0,29.9,0.132512117315234,902
"903",240591,"31_27",3,"BM",312,"ACMA","Bigleaf maple","BM",,2,30,,,"Y",,,0.3,0.828200733220211,903
"904",240591,"31_27",4,"BM",312,"ACMA","Bigleaf maple","BM",,1,13,,,"Y",,,0,0.828200733220211,904
"905",240591,"31_27",6,"DF",202,"PSME","Douglas-fir","DF",71,13.4,75,65,1,"Y",0,0,28,0.132512117315234,905
"906",240591,"31_27",19,"DF",202,"PSME","Douglas-fir","DF",70,9.6,55,75,1,"Y",0,0,10.9,0.132512117315234,906
"907",240591,"31_27",1,"BM",312,"ACMA","Bigleaf maple","BM",,5,48,,,"Y",,,3.4,0.828200733220211,907
"908",240591,"31_27",3,"BM",312,"ACMA","Bigleaf maple","BM",,2,30,,,"Y",,,0.3,0.828200733220211,908
"909",240591,"31_27",18,"DF",202,"PSME","Douglas-fir","DF",75,7.4,49,65,1,"Y",0,0,6,0.132512117315234,909
"910",240591,"31_27",3,"BM",312,"ACMA","Bigleaf maple","BM",,2,30,,,"Y",,,0.3,0.828200733220211,910
"911",240591,"31_27",26,"DF",202,"PSME","Douglas-fir","DF",26,11.5,72,65,1,"Y",0,0,20.5,0.132512117315234,911
"912",240591,"31_27",29,"DF",202,"PSME","Douglas-fir","DF",26,13.4,67,70,1,"Y",0,0,24.6,0.132512117315234,912
"913",240591,"31_27",4,"DF",202,"PSME","Douglas-fir","DF",66,11.1,69,65,1,"Y",0,0,18.3,0.132512117315234,913
"914",240591,"31_27",4,"BM",312,"ACMA","Bigleaf maple","BM",,1,13,,,"Y",,,0,0.828200733220211,914
"915",240591,"31_27",17,"DF",202,"PSME","Douglas-fir","DF",74,12.7,78,65,1,"Y",0,0,26.8,0.132512117315234,915
"916",240591,"31_27",5,"DF",202,"PSME","Douglas-fir","DF",69,12.5,71,65,1,"Y",0,0,23.3,0.132512117315234,916
"917",240591,"31_27",13,"DF",202,"PSME","Douglas-fir","DF",24,12.4,68,80,1,"Y",0,0,21.8,0.132512117315234,917
"918",240591,"31_27",11,"DF",202,"PSME","Douglas-fir","DF",55,14.2,78,75,1,"Y",0,0,32.5,0.132512117315234,918
"919",240591,"31_27",2,"BM",312,"ACMA","Bigleaf maple","BM",,3,38,,,"Y",,,1,0.828200733220211,919
"920",240591,"31_28",5,"DF",202,"PSME","Douglas-fir","DF",6,7.9,59,65,1,"Y",0,0,8.3,0.229044882819556,920
"921",240591,"31_28",1,"CH",760,"PRUNU","Cherry","OtherBroadLeaved",,2,28,,,"Y",,,0.3,1.43153051762222,921
"922",240591,"31_28",13,"DF",202,"PSME","Douglas-fir","DF",40,9.8,62,80,1,"Y",0,0,12.9,0.229044882819556,922
"923",240591,"31_28",24,"CH",760,"PRUNU","Cherry","OtherBroadLeaved",21,7.7,43,75,1,"Y",0,0,9.9,0.229044882819556,923
"924",240591,"31_28",11,"DF",202,"PSME","Douglas-fir","DF",33,11.9,58,90,1,"Y",0,0,17,0.229044882819556,924
"925",240591,"31_28",2,"DF",202,"PSME","Douglas-fir","DF",45,12,63,75,1,"Y",0,0,18.9,0.229044882819556,925
"926",240591,"31_28",23,"DF",202,"PSME","Douglas-fir","DF",37,6.7,50,55,1,"Y",0,0,5.1,0.229044882819556,926
"927",240591,"31_28",9,"DF",202,"PSME","Douglas-fir","DF",4,13.4,70,75,1,"Y",0,0,25.8,0.229044882819556,927
"928",240591,"31_28",21,"DF",202,"PSME","Douglas-fir","DF",49,11,68,60,1,"Y",0,0,17.7,0.229044882819556,928
"929",240591,"31_28",4,"DF",202,"PSME","Douglas-fir","DF",18,9.2,56,55,1,"Y",0,0,10.3,0.229044882819556,929
"930",240591,"31_28",18,"DF",202,"PSME","Douglas-fir","DF",51,11.6,59,75,1,"Y",0,0,16.5,0.229044882819556,930
"931",240591,"31_28",3,"DF",202,"PSME","Douglas-fir","DF",42,10.7,63,70,1,"Y",0,0,15.4,0.229044882819556,931
"932",240591,"31_28",20,"DF",202,"PSME","Douglas-fir","DF",54,10.7,69,65,1,"Y",0,0,17.1,0.229044882819556,932
"933",240591,"31_28",7,"DF",202,"PSME","Douglas-fir","DF",20,11.8,60,75,1,"Y",0,0,17.4,0.229044882819556,933
"934",240591,"31_28",8,"DF",202,"PSME","Douglas-fir","DF",20,13.4,63,70,1,"Y",0,0,23,0.229044882819556,934
"935",240591,"31_28",25,"DF",202,"PSME","Douglas-fir","DF",8,9.8,52,85,1,"Y",0,0,10.7,0.229044882819556,935
"936",240591,"31_28",22,"DF",202,"PSME","Douglas-fir","DF",28,9.2,58,65,1,"Y",0,0,10.7,0.229044882819556,936
"937",240591,"31_28",10,"DF",202,"PSME","Douglas-fir","DF",26,13.1,64,85,1,"Y",0,0,22.4,0.229044882819556,937
"938",240591,"31_28",1,"DF",202,"PSME","Douglas-fir","DF",50,9.9,57,75,1,"Y",0,0,12,0.229044882819556,938
"939",240591,"31_28",27,"DF",202,"PSME","Douglas-fir","DF",26,10.8,59,85,1,"Y",0,0,14.6,0.229044882819556,939
"940",240591,"31_28",28,"DF",202,"PSME","Douglas-fir","DF",42,12.3,58,75,1,"Y",0,0,18.1,0.229044882819556,940
"941",240591,"31_28",6,"DF",202,"PSME","Douglas-fir","DF",7,11.8,61,75,1,"Y",0,0,17.7,0.229044882819556,941
"942",240591,"31_28",19,"DF",202,"PSME","Douglas-fir","DF",54,11.3,70,55,1,"Y",0,0,19.2,0.229044882819556,942
"943",240591,"31_28",17,"DF",202,"PSME","Douglas-fir","DF",58,12.6,61,60,1,"Y",0,0,19.9,0.229044882819556,943
"944",240591,"31_28",16,"DF",202,"PSME","Douglas-fir","DF",53,10.7,59,70,1,"Y",0,0,14.3,0.229044882819556,944
"945",240591,"31_28",12,"DF",202,"PSME","Douglas-fir","DF",38,11,66,85,1,"Y",0,0,17.1,0.229044882819556,945
"946",240591,"31_28",15,"DF",202,"PSME","Douglas-fir","DF",46,13.4,62,75,1,"Y",0,0,22.6,0.229044882819556,946
"947",240591,"31_28",26,"DF",202,"PSME","Douglas-fir","DF",7,7.4,46,85,1,"Y",0,0,5.6,0.229044882819556,947
"948",240591,"31_28",14,"DF",202,"PSME","Douglas-fir","DF",50,11.2,65,75,1,"Y",0,0,17.3,0.229044882819556,948
"949",240591,"31_29",42,"DF",202,"PSME","Douglas-fir","DF",33,8.8,79,50,3,"Y",0,0,14.3,0.00955975075656056,949
"950",240591,"31_29",22,"DF",202,"PSME","Douglas-fir","DF",23,7.7,73,60,1,"Y",0,0,10.2,0.00955975075656056,950
"951",240591,"31_29",10,"DF",202,"PSME","Douglas-fir","DF",37,7.8,68,40,1,"Y",0,0,9.6,0.00955975075656056,951
"952",240591,"31_29",1,"DF",202,"PSME","Douglas-fir","DF",25,11.7,80,40,1,"Y",0,0,24,0.00955975075656056,952
"953",240591,"31_29",34,"DF",202,"PSME","Douglas-fir","DF",53,10,76,45,1,"Y",0,0,17.2,0.00955975075656056,953
"954",240591,"31_29",43,"DF",202,"PSME","Douglas-fir","DF",39,6.9,72,30,1,"Y",0,0,8.2,0.00955975075656056,954
"955",240591,"31_29",27,"DF",202,"PSME","Douglas-fir","DF",52,7,66,20,1,"Y",0,0,7.6,0.00955975075656056,955
"956",240591,"31_29",4,"RC",242,"THPL","Western redcedar","RC",51,8.4,54,35,1,"Y",0,0,9.5,0.00955975075656056,956
"957",240591,"31_29",39,"DF",202,"PSME","Douglas-fir","DF",15,11.8,83,60,1,"Y",0,0,25.5,0.00955975075656056,957
"958",240591,"31_29",36,"DF",202,"PSME","Douglas-fir","DF",35,12.8,82,65,1,"Y",0,0,28.9,0.00955975075656056,958
"959",240591,"31_29",13,"RC",242,"THPL","Western redcedar","RC",28,11,64,25,1,"Y",0,0,17.6,0.00955975075656056,959
"960",240591,"31_29",7,"RA",351,"ALRU","Red alder","RA",53,9.5,67,35,1,"Y",0,0,17.4,0.00955975075656056,960
"961",240591,"31_29",33,"DF",202,"PSME","Douglas-fir","DF",56,6.6,70,25,1,"Y",0,0,7.3,0.00955975075656056,961
"962",240591,"31_29",6,"RA",351,"ALRU","Red alder","RA",53,8.8,68,35,1,"Y",0,0,15,0.00955975075656056,962
"963",240591,"31_29",32,"DF",202,"PSME","Douglas-fir","DF",70,7.6,70,25,1,"Y",0,0,9.4,0.00955975075656056,963
"964",240591,"31_29",23,"DF",202,"PSME","Douglas-fir","DF",34,13.3,76,50,1,"Y",0,0,28.1,0.00955975075656056,964
"965",240591,"31_29",24,"RC",242,"THPL","Western redcedar","RC",57,5.5,43,30,1,"Y",0,0,3.4,0.00955975075656056,965
"966",240591,"31_29",25,"DF",202,"PSME","Douglas-fir","DF",46,6.6,61,25,1,"Y",0,0,6.2,0.00955975075656056,966
"967",240591,"31_29",28,"WH",263,"TSHE","Western hemlock","WH",58,8.8,72,30,1,"Y",0,0,13.8,0.00955975075656056,967
"968",240591,"31_29",30,"DF",202,"PSME","Douglas-fir","DF",69,11.4,78,40,1,"Y",0,0,22.2,0.00955975075656056,968
"969",240591,"31_29",16,"RC",242,"THPL","Western redcedar","RC",37,7.7,54,35,1,"Y",0,0,8.1,0.00955975075656056,969
"970",240591,"31_29",40,"DF",202,"PSME","Douglas-fir","DF",23,8.2,81,50,1,"Y",0,0,12.9,0.00955975075656056,970
"971",240591,"31_29",14,"RC",242,"THPL","Western redcedar","RC",28,11.6,68,30,1,"Y",0,0,20.1,0.00955975075656056,971
"972",240591,"31_29",19,"DF",202,"PSME","Douglas-fir","DF",12,9,76,50,1,"Y",0,0,14.2,0.00955975075656056,972
"973",240591,"31_29",17,"RC",242,"THPL","Western redcedar","RC",5,13.4,62,50,3,"Y",0,0,23.5,0.00955975075656056,973
"974",240591,"31_29",21,"DF",202,"PSME","Douglas-fir","DF",11,8.3,22,0,2,"N",3,0,4.2,0.00955975075656056,974
"975",240591,"31_29",35,"DF",202,"PSME","Douglas-fir","DF",50,11.2,76,40,1,"Y",0,0,20.9,0.00955975075656056,975
"976",240591,"31_29",9,"DF",202,"PSME","Douglas-fir","DF",42,11.5,78,35,1,"Y",0,0,22.6,0.00955975075656056,976
"977",240591,"31_29",18,"DF",202,"PSME","Douglas-fir","DF",1,7.8,63,35,1,"Y",0,0,8.8,0.00955975075656056,977
"978",240591,"31_29",38,"DF",202,"PSME","Douglas-fir","DF",17,5.9,67,30,1,"Y",0,0,5.6,0.00955975075656056,978
"979",240591,"31_29",12,"DF",202,"PSME","Douglas-fir","DF",41,5.8,63,25,1,"Y",0,0,5.1,0.00955975075656056,979
"980",240591,"31_29",26,"DF",202,"PSME","Douglas-fir","DF",42,11.8,76,35,1,"Y",0,0,22.9,0.00955975075656056,980
"981",240591,"31_29",3,"DF",202,"PSME","Douglas-fir","DF",50,6.3,72,20,3,"Y",0,0,6.9,0.00955975075656056,981
"982",240591,"31_29",29,"DF",202,"PSME","Douglas-fir","DF",47,12,80,40,1,"Y",0,0,25.1,0.00955975075656056,982
"983",240591,"31_29",8,"DF",202,"PSME","Douglas-fir","DF",45,8.5,70,30,1,"Y",0,0,11.6,0.00955975075656056,983
"984",240591,"31_29",31,"DF",202,"PSME","Douglas-fir","DF",63,6,70,25,1,"Y",0,0,6.1,0.00955975075656056,984
"985",240591,"31_29",11,"DF",202,"PSME","Douglas-fir","DF",41,8.1,46,0,2,"N",3,0,6.7,0.00955975075656056,985
"986",240591,"31_29",2,"DF",202,"PSME","Douglas-fir","DF",48,13.2,81,35,1,"Y",0,0,30,0.00955975075656056,986
"987",240591,"31_29",15,"DF",202,"PSME","Douglas-fir","DF",18,6,58,20,1,"Y",0,0,4.9,0.00955975075656056,987
"988",240591,"31_29",5,"RA",351,"ALRU","Red alder","RA",52,6.7,72,35,1,"Y",0,0,9,0.00955975075656056,988
"989",240591,"31_29",20,"DF",202,"PSME","Douglas-fir","DF",2,6.4,66,30,1,"Y",0,0,6.4,0.00955975075656056,989
"990",240591,"31_29",37,"DF",202,"PSME","Douglas-fir","DF",34,9.5,72,60,1,"Y",0,0,14.7,0.00955975075656056,990
"991",240591,"31_29",41,"DF",202,"PSME","Douglas-fir","DF",33,8.3,69,30,1,"Y",0,0,10.9,0.00955975075656056,991
"992",240591,"32_08",1,"BM",312,"ACMA","Bigleaf maple","BM",69,7.9,18,70,1,"Y",0,0,5.3,0.218964708767451,992
"993",240591,"32_08",8,"BM",312,"ACMA","Bigleaf maple","BM",37,12.9,63,40,1,"Y",0,0,32.7,0.218964708767451,993
"994",240591,"32_08",4,"BM",312,"ACMA","Bigleaf maple","BM",40,11.9,62,30,1,"Y",0,0,27,0.218964708767451,994
"995",240591,"32_08",10,"DF",202,"PSME","Douglas-fir","DF",27,15.5,81,60,1,"Y",0,0,39.6,0.218964708767451,995
"996",240591,"32_08",6,"BM",312,"ACMA","Bigleaf maple","BM",36,11.4,61,30,1,"Y",0,0,24.4,0.218964708767451,996
"997",240591,"32_08",5,"BM",312,"ACMA","Bigleaf maple","BM",36,8.1,62,30,1,"Y",0,0,11.5,0.218964708767451,997
"998",240591,"32_08",9,"BM",312,"ACMA","Bigleaf maple","BM",38,8,65,35,1,"Y",0,0,11.5,0.218964708767451,998
"999",240591,"32_08",2,"BM",312,"ACMA","Bigleaf maple","BM",43,6.4,59,30,1,"Y",0,0,6.6,0.218964708767451,999
"1000",240591,"32_08",7,"BM",312,"ACMA","Bigleaf maple","BM",36,11,52,30,3,"Y",0,0,20.5,0.218964708767451,1000
"1001",240591,"32_08",3,"BM",312,"ACMA","Bigleaf maple","BM",40,9.4,41,30,3,"Y",0,0,12.6,0.218964708767451,1001
"1002",240591,"32_13",36,"DF",202,"PSME","Douglas-fir","DF",15,10,71,30,1,"Y",0,0,15.8,0.0485789019422252,1002
"1003",240591,"32_13",34,"OM",981,"UMCA","Oregon myrtle","OM",15,5.5,52,25,1,"Y",0,0,5.6,0.0485789019422252,1003
"1004",240591,"32_13",22,"DF",202,"PSME","Douglas-fir","DF",7,7.3,76,35,1,"Y",0,0,9.7,0.0485789019422252,1004
"1005",240591,"32_13",25,"DF",202,"PSME","Douglas-fir","DF",1,9.3,65,40,1,"Y",0,0,12.5,0.0485789019422252,1005
"1006",240591,"32_13",8,"DF",202,"PSME","Douglas-fir","DF",6,13.2,90,40,1,"Y",0,0,34.3,0.0485789019422252,1006
"1007",240591,"32_13",16,"DF",202,"PSME","Douglas-fir","DF",14,13.2,80,75,1,"Y",0,0,29.6,0.0485789019422252,1007
"1008",240591,"32_13",15,"DF",202,"PSME","Douglas-fir","DF",11,15.2,75,75,1,"Y",0,0,34.9,0.0485789019422252,1008
"1009",240591,"32_13",7,"DF",202,"PSME","Douglas-fir","DF",5,7.5,59,40,1,"Y",0,0,7.6,0.0485789019422252,1009
"1010",240591,"32_13",21,"DF",202,"PSME","Douglas-fir","DF",7,10.6,69,30,1,"Y",0,0,16.9,0.0485789019422252,1010
"1011",240591,"32_13",4,"DF",202,"PSME","Douglas-fir","DF",12,12.8,79,40,1,"Y",0,0,27.6,0.0485789019422252,1011
"1012",240591,"32_13",37,"DF",202,"PSME","Douglas-fir","DF",23,11.7,81,35,1,"Y",0,0,24.4,0.0485789019422252,1012
"1013",240591,"32_13",23,"DF",202,"PSME","Douglas-fir","DF",5,9.6,66,15,1,"Y",0,0,13.4,0.0485789019422252,1013
"1014",240591,"32_13",32,"DF",202,"PSME","Douglas-fir","DF",14,7.2,63,20,1,"Y",0,0,7.5,0.0485789019422252,1014
"1015",240591,"32_13",6,"DF",202,"PSME","Douglas-fir","DF",8,8.4,83,40,1,"Y",0,0,13.9,0.0485789019422252,1015
"1016",240591,"32_13",1,"DF",202,"PSME","Douglas-fir","DF",,2,17,,,"Y",,,0.2,0.303618137138907,1016
"1017",240591,"32_13",24,"OM",981,"UMCA","Oregon myrtle","OM",1,7.3,42,80,1,"Y",0,0,8.8,0.0485789019422252,1017
"1018",240591,"32_13",12,"DF",202,"PSME","Douglas-fir","DF",3,12,73,70,1,"Y",0,0,22.4,0.0485789019422252,1018
"1019",240591,"32_13",2,"DF",202,"PSME","Douglas-fir","DF",,4,19,,,"Y",,,0.9,0.303618137138907,1019
"1020",240591,"32_13",3,"DF",202,"PSME","Douglas-fir","DF",,1,6,,,"Y",,,0,0.303618137138907,1020
"1021",240591,"32_13",10,"DF",202,"PSME","Douglas-fir","DF",4,10.4,70,50,1,"Y",0,0,16.6,0.0485789019422252,1021
"1022",240591,"32_13",33,"OM",981,"UMCA","Oregon myrtle","OM",14,5.5,52,25,1,"Y",0,0,5.6,0.0485789019422252,1022
"1023",240591,"32_13",26,"DF",202,"PSME","Douglas-fir","DF",1,8.5,60,30,1,"Y",0,0,9.7,0.0485789019422252,1023
"1024",240591,"32_13",18,"DF",202,"PSME","Douglas-fir","DF",15,6.9,61,45,1,"Y",0,0,6.7,0.0485789019422252,1024
"1025",240591,"32_13",29,"DF",202,"PSME","Douglas-fir","DF",11,8.1,75,20,1,"Y",0,0,11.5,0.0485789019422252,1025
"1026",240591,"32_13",9,"DF",202,"PSME","Douglas-fir","DF",2,5.8,44,60,1,"Y",0,0,3.4,0.0485789019422252,1026
"1027",240591,"32_13",2,"DF",202,"PSME","Douglas-fir","DF",15,10.1,70,40,1,"Y",0,0,15.8,0.0485789019422252,1027
"1028",240591,"32_13",30,"DF",202,"PSME","Douglas-fir","DF",11,9.4,79,25,1,"Y",0,0,16.1,0.0485789019422252,1028
"1029",240591,"32_13",5,"DF",202,"PSME","Douglas-fir","DF",15,13.3,85,45,1,"Y",0,0,32.3,0.0485789019422252,1029
"1030",240591,"32_13",20,"DF",202,"PSME","Douglas-fir","DF",12,13.1,88,70,1,"Y",0,0,32.9,0.0485789019422252,1030
"1031",240591,"32_13",13,"DF",202,"PSME","Douglas-fir","DF",11,5.9,55,40,1,"Y",0,0,4.5,0.0485789019422252,1031
"1032",240591,"32_13",14,"DF",202,"PSME","Douglas-fir","DF",7,7,59,40,1,"Y",0,0,6.6,0.0485789019422252,1032
"1033",240591,"32_13",19,"DF",202,"PSME","Douglas-fir","DF",11,12.6,68,70,1,"Y",0,0,22.4,0.0485789019422252,1033
"1034",240591,"32_13",3,"DF",202,"PSME","Douglas-fir","DF",12,6.8,61,35,1,"Y",0,0,6.5,0.0485789019422252,1034
"1035",240591,"32_13",11,"DF",202,"PSME","Douglas-fir","DF",11,14.2,88,75,1,"Y",0,0,37.7,0.0485789019422252,1035
"1036",240591,"32_13",28,"DF",202,"PSME","Douglas-fir","DF",10,7.1,65,25,1,"Y",0,0,7.6,0.0485789019422252,1036
"1037",240591,"32_13",17,"DF",202,"PSME","Douglas-fir","DF",12,6.2,55,40,1,"Y",0,0,4.9,0.0485789019422252,1037
"1038",240591,"32_13",1,"DF",202,"PSME","Douglas-fir","DF",17,11.8,76,45,1,"Y",0,0,22.9,0.0485789019422252,1038
"1039",240591,"32_13",35,"OM",981,"UMCA","Oregon myrtle","OM",16,6.6,56,30,1,"Y",0,0,8.3,0.0485789019422252,1039
"1040",240591,"32_13",27,"DF",202,"PSME","Douglas-fir","DF",8,14.9,89,55,1,"Y",0,0,41.5,0.0485789019422252,1040
"1041",240591,"32_13",31,"DF",202,"PSME","Douglas-fir","DF",13,7.4,67,25,1,"Y",0,0,8.5,0.0485789019422252,1041
"1042",240591,"32_16",7,"DF",202,"PSME","Douglas-fir","DF",75,11.3,71,55,1,"Y",0,0,19.5,0.00936166036536045,1042
"1043",240591,"32_16",4,"RC",242,"THPL","Western redcedar","RC",48,23.2,59,60,2,"Y",0,0,59.2,0.00936166036536045,1043
"1044",240591,"32_16",2,"RC",242,"THPL","Western redcedar","RC",,3,19,,,"Y",,,0.5,0.0585103772835028,1044
"1045",240591,"32_16",5,"BM",312,"ACMA","Bigleaf maple","BM",42,18.7,59,55,1,"Y",0,0,71.8,0.00936166036536045,1045
"1046",240591,"32_16",1,"OM",981,"UMCA","Oregon myrtle","OM",,1,11,,,"Y",,,0,0.0585103772835028,1046
"1047",240591,"32_16",1,"BM",312,"ACMA","Bigleaf maple","BM",78,9,62,50,1,"Y",0,0,14.5,0.00936166036536045,1047
"1048",240591,"32_16",3,"BM",312,"ACMA","Bigleaf maple","BM",57,11.7,43,35,1,"Y",0,0,21.1,0.00936166036536045,1048
"1049",240591,"32_16",6,"DF",202,"PSME","Douglas-fir","DF",75,8.7,60,45,1,"Y",0,0,10.1,0.00936166036536045,1049
"1050",240591,"32_16",2,"BM",312,"ACMA","Bigleaf maple","BM",75,8.2,56,50,1,"Y",0,0,11.1,0.00936166036536045,1050
"1051",240591,"32_A07",10,"RA",351,"ALRU","Red alder","RA",37,9.1,67,40,1,"Y",0,0,15.9,0.248191908526042,1051
"1052",240591,"32_A07",8,"RA",351,"ALRU","Red alder","RA",41,10.3,73,45,1,"Y",0,0,21.4,0.248191908526042,1052
"1053",240591,"32_A07",14,"RA",351,"ALRU","Red alder","RA",19,12.9,63,45,1,"Y",0,0,30.9,0.248191908526042,1053
"1054",240591,"32_A07",17,"GF",17,"ABGR","Grand fir","GF",36,34,97,50,1,"Y",0,0,302.5,0.248191908526042,1054
"1055",240591,"32_A07",13,"RA",351,"ALRU","Red alder","RA",15,12.8,61,45,1,"Y",0,0,29.9,0.248191908526042,1055
"1056",240591,"32_A07",11,"RA",351,"ALRU","Red alder","RA",34,11.2,69,45,1,"Y",0,0,24.5,0.248191908526042,1056
"1057",240591,"32_A07",18,"DF",202,"PSME","Douglas-fir","DF",15,10.1,52,0,1,"N",2,0,11.3,0.248191908526042,1057
"1058",240591,"32_A07",1,"DF",202,"PSME","Douglas-fir","DF",29,5.7,47,40,1,"Y",0,0,3.5,0.248191908526042,1058
"1059",240591,"32_A07",5,"RA",351,"ALRU","Red alder","RA",45,6.3,43,40,1,"Y",0,0,6.2,0.248191908526042,1059
"1060",240591,"32_A07",2,"RA",351,"ALRU","Red alder","RA",42,9.3,64,55,1,"Y",0,0,16.2,0.248191908526042,1060
"1061",240591,"32_A07",4,"RA",351,"ALRU","Red alder","RA",33,10.1,66,45,1,"Y",0,0,19.4,0.248191908526042,1061
"1062",240591,"32_A07",12,"RA",351,"ALRU","Red alder","RA",1,6.3,33,30,1,"Y",0,0,3.6,0.248191908526042,1062
"1063",240591,"32_A07",6,"RA",351,"ALRU","Red alder","RA",41,8.3,69,60,1,"Y",0,0,13.5,0.248191908526042,1063
"1064",240591,"32_A07",3,"RA",351,"ALRU","Red alder","RA",42,8.9,61,45,1,"Y",0,0,14.5,0.248191908526042,1064
"1065",240591,"32_A07",7,"RA",351,"ALRU","Red alder","RA",40,5.8,40,40,3,"Y",0,0,5.1,0.248191908526042,1065
"1066",240591,"32_A07",15,"RA",351,"ALRU","Red alder","RA",21,6.4,48,40,1,"Y",0,0,6.7,0.248191908526042,1066
"1067",240591,"32_A07",16,"RA",351,"ALRU","Red alder","RA",25,6.2,26,15,3,"Y",0,0,2.7,0.248191908526042,1067
"1068",240591,"32_A07",9,"RA",351,"ALRU","Red alder","RA",37,9.8,67,45,1,"Y",0,0,18.5,0.248191908526042,1068
"1069",240591,"33_06",1,"BM",312,"ACMA","Bigleaf maple","BM",3,6.9,46,0,2,"N",3,0,6.8,0.00940900968260559,1069
"1070",240591,"33_06",3,"BM",312,"ACMA","Bigleaf maple","BM",43,5.8,47,0,1,"N",3,0,4.7,0.00940900968260559,1070
"1071",240591,"33_06",2,"BM",312,"ACMA","Bigleaf maple","BM",45,9.4,61,0,1,"N",2,0,15.9,0.00940900968260559,1071
"1072",240591,"33_08",1,"OM",981,"UMCA","Oregon myrtle","OM",,1,15,,,"Y",,,0,0.0600832493753819,1072
"1073",240591,"33_08",14,"DF",202,"PSME","Douglas-fir","DF",18,8.7,68,45,1,"Y",0,0,11.7,0.0096133199000611,1073
"1074",240591,"33_08",27,"DF",202,"PSME","Douglas-fir","DF",19,7.8,63,65,1,"Y",0,0,8.8,0.0096133199000611,1074
"1075",240591,"33_08",19,"DF",202,"PSME","Douglas-fir","DF",6,9.8,68,65,1,"Y",0,0,14.4,0.0096133199000611,1075
"1076",240591,"33_08",20,"DF",202,"PSME","Douglas-fir","DF",1,7.8,56,45,1,"Y",0,0,7.7,0.0096133199000611,1076
"1077",240591,"33_08",29,"DF",202,"PSME","Douglas-fir","DF",24,12.3,75,60,1,"Y",0,0,24.2,0.0096133199000611,1077
"1078",240591,"33_08",3,"DF",202,"PSME","Douglas-fir","DF",15,12.3,77,70,1,"Y",0,0,25,0.0096133199000611,1078
"1079",240591,"33_08",2,"DF",202,"PSME","Douglas-fir","DF",19,11.3,75,65,1,"Y",0,0,20.9,0.0096133199000611,1079
"1080",240591,"33_08",8,"DF",202,"PSME","Douglas-fir","DF",4,11.2,82,50,1,"Y",0,0,23,0.0096133199000611,1080
"1081",240591,"33_08",5,"DF",202,"PSME","Douglas-fir","DF",10,11.6,79,70,1,"Y",0,0,23.3,0.0096133199000611,1081
"1082",240591,"33_08",11,"DF",202,"PSME","Douglas-fir","DF",19,11.3,84,45,1,"Y",0,0,24.1,0.0096133199000611,1082
"1083",240591,"33_08",4,"DF",202,"PSME","Douglas-fir","DF",5,6.4,59,45,1,"Y",0,0,5.6,0.0096133199000611,1083
"1084",240591,"33_08",23,"DF",202,"PSME","Douglas-fir","DF",8,5.6,40,40,1,"Y",0,0,2.9,0.0096133199000611,1084
"1085",240591,"33_08",7,"DF",202,"PSME","Douglas-fir","DF",5,8.7,71,70,1,"Y",0,0,12.3,0.0096133199000611,1085
"1086",240591,"33_08",6,"DF",202,"PSME","Douglas-fir","DF",11,9.3,73,50,1,"Y",0,0,14.4,0.0096133199000611,1086
"1087",240591,"33_08",12,"DF",202,"PSME","Douglas-fir","DF",13,10.9,66,55,1,"Y",0,0,16.8,0.0096133199000611,1087
"1088",240591,"33_08",17,"DF",202,"PSME","Douglas-fir","DF",14,10.9,76,50,1,"Y",0,0,19.9,0.0096133199000611,1088
"1089",240591,"33_08",16,"DF",202,"PSME","Douglas-fir","DF",22,8.7,63,40,1,"Y",0,0,10.7,0.0096133199000611,1089
"1090",240591,"33_08",26,"DF",202,"PSME","Douglas-fir","DF",22,10.9,73,70,1,"Y",0,0,19,0.0096133199000611,1090
"1091",240591,"33_08",24,"DF",202,"PSME","Douglas-fir","DF",10,46.8,222,25,2,"Y",0,0,792.4,0.0096133199000611,1091
"1092",240591,"33_08",30,"DF",202,"PSME","Douglas-fir","DF",21,10,71,50,1,"Y",0,0,15.8,0.0096133199000611,1092
"1093",240591,"33_08",15,"DF",202,"PSME","Douglas-fir","DF",14,13.4,78,50,1,"Y",0,0,29.4,0.0096133199000611,1093
"1094",240591,"33_08",10,"DF",202,"PSME","Douglas-fir","DF",9,9.8,64,70,1,"Y",0,0,13.4,0.0096133199000611,1094
"1095",240591,"33_08",25,"DF",202,"PSME","Douglas-fir","DF",15,46.4,26,0,2,"N",3,0,133.1,0.0096133199000611,1095
"1096",240591,"33_08",21,"DF",202,"PSME","Douglas-fir","DF",1,9.1,59,30,1,"Y",0,0,10.7,0.0096133199000611,1096
"1097",240591,"33_08",9,"DF",202,"PSME","Douglas-fir","DF",7,14.3,85,40,1,"Y",0,0,36.6,0.0096133199000611,1097
"1098",240591,"33_08",13,"DF",202,"PSME","Douglas-fir","DF",21,9.1,59,50,1,"Y",0,0,10.7,0.0096133199000611,1098
"1099",240591,"33_08",18,"DF",202,"PSME","Douglas-fir","DF",15,9.8,72,70,1,"Y",0,0,15.5,0.0096133199000611,1099
"1100",240591,"33_08",28,"DF",202,"PSME","Douglas-fir","DF",23,10.8,74,50,1,"Y",0,0,19,0.0096133199000611,1100
"1101",240591,"33_08",1,"DF",202,"PSME","Douglas-fir","DF",21,8.2,60,55,1,"Y",0,0,9.1,0.0096133199000611,1101
"1102",240591,"33_08",22,"DF",202,"PSME","Douglas-fir","DF",16,13.4,72,60,1,"Y",0,0,26.7,0.0096133199000611,1102
"1103",240591,"33_10",2,"OM",981,"UMCA","Oregon myrtle","OM",,3,22,,,"Y",,,0.5,0.061631729517228,1103
"1104",240591,"33_10",7,"DF",202,"PSME","Douglas-fir","DF",22,12.8,69,40,1,"Y",0,0,23.5,0.00986107672275647,1104
"1105",240591,"33_10",4,"DF",202,"PSME","Douglas-fir","DF",,3,43,,,"Y",,,1,0.061631729517228,1105
"1106",240591,"33_10",3,"OM",981,"UMCA","Oregon myrtle","OM",,2,17,,,"Y",,,0.2,0.061631729517228,1106
"1107",240591,"33_10",6,"DF",202,"PSME","Douglas-fir","DF",18,11.1,67,40,1,"Y",0,0,17.6,0.00986107672275647,1107
"1108",240591,"33_10",1,"OM",981,"UMCA","Oregon myrtle","OM",,4,34,,,"Y",,,2.4,0.061631729517228,1108
"1109",240591,"33_10",2,"OM",981,"UMCA","Oregon myrtle","OM",,3,22,,,"Y",,,0.5,0.061631729517228,1109
"1110",240591,"33_10",3,"DF",202,"PSME","Douglas-fir","DF",8,11.2,68,50,1,"Y",0,0,18.2,0.00986107672275647,1110
"1111",240591,"33_10",2,"OM",981,"UMCA","Oregon myrtle","OM",,3,22,,,"Y",,,0.5,0.061631729517228,1111
"1112",240591,"33_10",2,"OM",981,"UMCA","Oregon myrtle","OM",,3,22,,,"Y",,,0.5,0.061631729517228,1112
"1113",240591,"33_10",23,"DF",202,"PSME","Douglas-fir","DF",40,9.5,59,40,1,"Y",0,0,11.6,0.00986107672275647,1113
"1114",240591,"33_10",3,"OM",981,"UMCA","Oregon myrtle","OM",,2,17,,,"Y",,,0.2,0.061631729517228,1114
"1115",240591,"33_10",5,"DF",202,"PSME","Douglas-fir","DF",45,11.6,72,40,1,"Y",0,0,20.8,0.00986107672275647,1115
"1116",240591,"33_10",22,"DF",202,"PSME","Douglas-fir","DF",54,9.6,63,65,1,"Y",0,0,12.7,0.00986107672275647,1116
"1117",240591,"33_10",4,"DF",202,"PSME","Douglas-fir","DF",1,12.2,69,45,1,"Y",0,0,21.6,0.00986107672275647,1117
"1118",240591,"33_10",2,"OM",981,"UMCA","Oregon myrtle","OM",,3,22,,,"Y",,,0.5,0.061631729517228,1118
"1119",240591,"33_10",21,"DF",202,"PSME","Douglas-fir","DF",42,12.9,81,55,1,"Y",0,0,28.9,0.00986107672275647,1119
"1120",240591,"33_10",15,"DF",202,"PSME","Douglas-fir","DF",34,12.5,74,55,1,"Y",0,0,24.5,0.00986107672275647,1120
"1121",240591,"33_10",16,"DF",202,"PSME","Douglas-fir","DF",29,11.5,69,40,1,"Y",0,0,19.4,0.00986107672275647,1121
"1122",240591,"33_10",14,"DF",202,"PSME","Douglas-fir","DF",18,13.2,78,65,1,"Y",0,0,28.7,0.00986107672275647,1122
"1123",240591,"33_10",3,"OM",981,"UMCA","Oregon myrtle","OM",,2,17,,,"Y",,,0.2,0.061631729517228,1123
"1124",240591,"33_10",13,"DF",202,"PSME","Douglas-fir","DF",4,13.2,70,40,1,"Y",0,0,25.2,0.00986107672275647,1124
"1125",240591,"33_10",10,"DF",202,"PSME","Douglas-fir","DF",40,9.9,62,35,1,"Y",0,0,13.2,0.00986107672275647,1125
"1126",240591,"33_10",12,"DF",202,"PSME","Douglas-fir","DF",12,14.3,69,50,1,"Y",0,0,28.5,0.00986107672275647,1126
"1127",240591,"33_10",17,"DF",202,"PSME","Douglas-fir","DF",45,13.7,71,50,1,"Y",0,0,27.3,0.00986107672275647,1127
"1128",240591,"33_10",18,"DF",202,"PSME","Douglas-fir","DF",62,15.1,77,65,1,"Y",0,0,35.6,0.00986107672275647,1128
"1129",240591,"33_10",8,"DF",202,"PSME","Douglas-fir","DF",40,11,70,40,1,"Y",0,0,18.3,0.00986107672275647,1129
"1130",240591,"33_10",2,"OM",981,"UMCA","Oregon myrtle","OM",,3,22,,,"Y",,,0.5,0.061631729517228,1130
"1131",240591,"33_10",19,"DF",202,"PSME","Douglas-fir","DF",61,6.3,46,55,1,"Y",0,0,4.2,0.00986107672275647,1131
"1132",240591,"33_10",11,"DF",202,"PSME","Douglas-fir","DF",21,11.5,70,40,1,"Y",0,0,19.8,0.00986107672275647,1132
"1133",240591,"33_10",2,"OM",981,"UMCA","Oregon myrtle","OM",,3,22,,,"Y",,,0.5,0.061631729517228,1133
"1134",240591,"33_10",9,"DF",202,"PSME","Douglas-fir","DF",36,12.4,55,60,1,"Y",0,0,17.4,0.00986107672275647,1134
"1135",240591,"33_10",2,"DF",202,"PSME","Douglas-fir","DF",26,10.2,65,50,1,"Y",0,0,14.7,0.00986107672275647,1135
"1136",240591,"33_10",2,"OM",981,"UMCA","Oregon myrtle","OM",,3,22,,,"Y",,,0.5,0.061631729517228,1136
"1137",240591,"33_10",1,"DF",202,"PSME","Douglas-fir","DF",28,13.7,75,30,1,"Y",0,0,29.1,0.00986107672275647,1137
"1138",240591,"33_10",20,"DF",202,"PSME","Douglas-fir","DF",68,10.8,64,70,1,"Y",0,0,15.9,0.00986107672275647,1138
"1139",240591,"41_01",25,"DF",202,"PSME","Douglas-fir","DF",38,11.3,93,30,1,"Y",0,0,27.2,0.353736433896767,1139
"1140",240591,"41_01",19,"DF",202,"PSME","Douglas-fir","DF",18,16.4,97,30,1,"Y",0,0,54.4,0.353736433896767,1140
"1141",240591,"41_01",38,"DF",202,"PSME","Douglas-fir","DF",14,13.9,100,40,1,"Y",0,0,42.7,0.353736433896767,1141
"1142",240591,"41_01",35,"GC",431,"CACH","Golden chinkapin","OtherBroadLeaved",38,7.1,65,25,1,"Y",0,0,9.1,0.353736433896767,1142
"1143",240591,"41_01",22,"DF",202,"PSME","Douglas-fir","DF",34,14,94,30,1,"Y",0,0,40,0.353736433896767,1143
"1144",240591,"41_01",46,"DF",202,"PSME","Douglas-fir","DF",20,6.4,40,0,1,"N",2,0,3.7,0.353736433896767,1144
"1145",240591,"41_01",1,"DF",202,"PSME","Douglas-fir","DF",44,5.7,47,0,1,"N",2,0,3.5,0.353736433896767,1145
"1146",240591,"41_01",34,"GC",431,"CACH","Golden chinkapin","OtherBroadLeaved",36,5.6,46,25,1,"Y",0,0,4.8,0.353736433896767,1146
"1147",240591,"41_01",24,"DF",202,"PSME","Douglas-fir","DF",42,7.5,60,15,1,"Y",0,0,7.7,0.353736433896767,1147
"1148",240591,"41_01",4,"DF",202,"PSME","Douglas-fir","DF",56,11,88,45,1,"Y",0,0,24.3,0.353736433896767,1148
"1149",240591,"41_01",41,"DF",202,"PSME","Douglas-fir","DF",3,11.2,88,30,1,"Y",0,0,25.1,0.353736433896767,1149
"1150",240591,"41_01",14,"BM",312,"ACMA","Bigleaf maple","BM",28,8.2,70,55,1,"Y",0,0,12.7,0.353736433896767,1150
"1151",240591,"41_01",43,"DF",202,"PSME","Douglas-fir","DF",1,7.3,56,20,1,"Y",0,0,6.8,0.353736433896767,1151
"1152",240591,"41_01",15,"BM",312,"ACMA","Bigleaf maple","BM",20,9.4,68,35,1,"Y",0,0,16.9,0.353736433896767,1152
"1153",240591,"41_01",42,"DF",202,"PSME","Douglas-fir","DF",3,13.8,102,35,1,"Y",0,0,43.2,0.353736433896767,1153
"1154",240591,"41_01",29,"DF",202,"PSME","Douglas-fir","DF",37,12.8,97,30,1,"Y",0,0,35.6,0.353736433896767,1154
"1155",240591,"41_01",13,"DF",202,"PSME","Douglas-fir","DF",35,11.3,86,20,1,"Y",0,0,24.8,0.353736433896767,1155
"1156",240591,"41_01",27,"DF",202,"PSME","Douglas-fir","DF",33,6.7,53,30,1,"Y",0,0,5.4,0.353736433896767,1156
"1157",240591,"41_01",47,"DF",202,"PSME","Douglas-fir","DF",29,7.3,58,30,1,"Y",0,0,7,0.353736433896767,1157
"1158",240591,"41_01",40,"CH",760,"PRUNU","Cherry","OtherBroadLeaved",10,6,51,25,1,"Y",0,0,6.5,0.353736433896767,1158
"1159",240591,"41_01",2,"DF",202,"PSME","Douglas-fir","DF",57,14.6,95,50,1,"Y",0,0,43.5,0.353736433896767,1159
"1160",240591,"41_01",17,"DF",202,"PSME","Douglas-fir","DF",13,6.7,63,10,1,"Y",0,0,6.6,0.353736433896767,1160
"1161",240591,"41_01",11,"DF",202,"PSME","Douglas-fir","DF",39,16.5,98,45,1,"Y",0,0,55.7,0.353736433896767,1161
"1162",240591,"41_01",36,"GC",431,"CACH","Golden chinkapin","OtherBroadLeaved",35,9,63,25,1,"Y",0,0,14.3,0.353736433896767,1162
"1163",240591,"41_01",21,"DF",202,"PSME","Douglas-fir","DF",31,11.6,86,25,1,"Y",0,0,25.9,0.353736433896767,1163
"1164",240591,"41_01",12,"DF",202,"PSME","Douglas-fir","DF",25,17.8,108,50,1,"Y",0,0,71.5,0.353736433896767,1164
"1165",240591,"41_01",18,"DF",202,"PSME","Douglas-fir","DF",20,6.1,60,15,1,"Y",0,0,5.3,0.353736433896767,1165
"1166",240591,"41_01",37,"DF",202,"PSME","Douglas-fir","DF",21,12.4,72,25,1,"Y",0,0,23.3,0.353736433896767,1166
"1167",240591,"41_01",7,"DF",202,"PSME","Douglas-fir","DF",61,11.7,103,45,1,"Y",0,0,32.4,0.353736433896767,1167
"1168",240591,"41_01",30,"DF",202,"PSME","Douglas-fir","DF",29,13,92,30,1,"Y",0,0,34.3,0.353736433896767,1168
"1169",240591,"41_01",5,"DF",202,"PSME","Douglas-fir","DF",56,11.6,99,50,1,"Y",0,0,30.6,0.353736433896767,1169
"1170",240591,"41_01",33,"DF",202,"PSME","Douglas-fir","DF",48,13.3,95,25,1,"Y",0,0,37.1,0.353736433896767,1170
"1171",240591,"41_01",3,"DF",202,"PSME","Douglas-fir","DF",58,8.4,76,40,1,"Y",0,0,12.5,0.353736433896767,1171
"1172",240591,"41_01",8,"DF",202,"PSME","Douglas-fir","DF",57,6.3,66,15,1,"Y",0,0,6.2,0.353736433896767,1172
"1173",240591,"41_01",20,"DF",202,"PSME","Douglas-fir","DF",35,15.7,103,40,1,"Y",0,0,54.5,0.353736433896767,1173
"1174",240591,"41_01",26,"DF",202,"PSME","Douglas-fir","DF",36,12.7,96,35,1,"Y",0,0,34.7,0.353736433896767,1174
"1175",240591,"41_01",31,"DF",202,"PSME","Douglas-fir","DF",47,11.7,84,20,1,"Y",0,0,25.5,0.353736433896767,1175
"1176",240591,"41_01",39,"CH",760,"PRUNU","Cherry","OtherBroadLeaved",21,6.7,73,30,1,"Y",0,0,9.9,0.353736433896767,1176
"1177",240591,"41_01",9,"DF",202,"PSME","Douglas-fir","DF",34,7.9,39,25,3,"Y",0,0,5.5,0.353736433896767,1177
"1178",240591,"41_01",45,"DF",202,"PSME","Douglas-fir","DF",7,17.6,102,40,1,"Y",0,0,65.3,0.353736433896767,1178
"1179",240591,"41_01",23,"DF",202,"PSME","Douglas-fir","DF",28,7.3,72,40,1,"Y",0,0,9.1,0.353736433896767,1179
"1180",240591,"41_01",6,"DF",202,"PSME","Douglas-fir","DF",58,13.9,100,55,1,"Y",0,0,42.7,0.353736433896767,1180
"1181",240591,"41_01",28,"DF",202,"PSME","Douglas-fir","DF",33,10.7,91,30,1,"Y",0,0,24,0.353736433896767,1181
"1182",240591,"41_01",44,"DF",202,"PSME","Douglas-fir","DF",1,8.9,66,0,1,"N",2,0,11.8,0.353736433896767,1182
"1183",240591,"41_01",32,"DF",202,"PSME","Douglas-fir","DF",30,6.7,77,15,1,"Y",0,0,8.4,0.353736433896767,1183
"1184",240591,"41_01",16,"DF",202,"PSME","Douglas-fir","DF",1,13.5,84,25,1,"Y",0,0,32.7,0.353736433896767,1184
"1185",240591,"41_01",10,"DF",202,"PSME","Douglas-fir","DF",49,11.2,96,45,1,"Y",0,0,27.7,0.353736433896767,1185
"1186",240591,"41_05",22,"DF",202,"PSME","Douglas-fir","DF",37,12.5,85,45,1,"Y",0,0,29,0.142351729698716,1186
"1187",240591,"41_05",5,"DF",202,"PSME","Douglas-fir","DF",63,17.8,86,45,1,"Y",0,0,53.8,0.142351729698716,1187
"1188",240591,"41_05",4,"DF",202,"PSME","Douglas-fir","DF",58,8.1,34,85,1,"Y",0,0,5.1,0.142351729698716,1188
"1189",240591,"41_05",24,"DF",202,"PSME","Douglas-fir","DF",46,12.3,77,5,1,"Y",0,0,25,0.142351729698716,1189
"1190",240591,"41_05",23,"DF",202,"PSME","Douglas-fir","DF",46,8.5,74,55,1,"Y",0,0,12.4,0.142351729698716,1190
"1191",240591,"41_05",20,"BM",312,"ACMA","Bigleaf maple","BM",12,7.9,54,45,1,"Y",0,0,10,0.142351729698716,1191
"1192",240591,"41_05",21,"DF",202,"PSME","Douglas-fir","DF",17,6.2,65,15,1,"Y",0,0,6,0.142351729698716,1192
"1193",240591,"41_05",12,"BM",312,"ACMA","Bigleaf maple","BM",4,5.9,54,30,1,"Y",0,0,5.2,0.142351729698716,1193
"1194",240591,"41_05",8,"DF",202,"PSME","Douglas-fir","DF",48,5.7,40,30,1,"Y",0,0,3,0.142351729698716,1194
"1195",240591,"41_05",2,"DF",202,"PSME","Douglas-fir","DF",8,14.2,77,60,1,"Y",0,0,32,0.142351729698716,1195
"1196",240591,"41_05",15,"BM",312,"ACMA","Bigleaf maple","BM",4,5.7,57,35,1,"Y",0,0,5,0.142351729698716,1196
"1197",240591,"41_05",10,"DF",202,"PSME","Douglas-fir","DF",29,14,78,40,1,"Y",0,0,31.7,0.142351729698716,1197
"1198",240591,"41_05",18,"BM",312,"ACMA","Bigleaf maple","BM",1,10.6,59,40,1,"Y",0,0,20.3,0.142351729698716,1198
"1199",240591,"41_05",13,"BM",312,"ACMA","Bigleaf maple","BM",3,8.5,60,35,1,"Y",0,0,12.6,0.142351729698716,1199
"1200",240591,"41_05",3,"DF",202,"PSME","Douglas-fir","DF",5,7.6,39,70,1,"Y",0,0,5.1,0.142351729698716,1200
"1201",240591,"41_05",11,"DF",202,"PSME","Douglas-fir","DF",17,10.6,85,40,1,"Y",0,0,21.8,0.142351729698716,1201
"1202",240591,"41_05",17,"BM",312,"ACMA","Bigleaf maple","BM",4,6.4,55,35,1,"Y",0,0,6.4,0.142351729698716,1202
"1203",240591,"41_05",1,"DF",202,"PSME","Douglas-fir","DF",34,17.6,75,55,1,"Y",0,0,44.9,0.142351729698716,1203
"1204",240591,"41_05",6,"DF",202,"PSME","Douglas-fir","DF",56,13.4,81,35,1,"Y",0,0,30.8,0.142351729698716,1204
"1205",240591,"41_05",14,"BM",312,"ACMA","Bigleaf maple","BM",3,7.8,59,35,1,"Y",0,0,10.3,0.142351729698716,1205
"1206",240591,"41_05",9,"DF",202,"PSME","Douglas-fir","DF",32,18,86,40,1,"Y",0,0,54.9,0.142351729698716,1206
"1207",240591,"41_05",7,"DF",202,"PSME","Douglas-fir","DF",48,16.9,82,45,1,"Y",0,0,46.5,0.142351729698716,1207
"1208",240591,"41_05",19,"BM",312,"ACMA","Bigleaf maple","BM",7,7,56,35,1,"Y",0,0,7.8,0.142351729698716,1208
"1209",240591,"41_05",16,"BM",312,"ACMA","Bigleaf maple","BM",1,6.2,55,30,1,"Y",0,0,5.9,0.142351729698716,1209
"1210",240591,"41_09",1,"DF",202,"PSME","Douglas-fir","DF",,3,38,,,"Y",,,0.8,0.953469281925144,1210
"1211",240591,"41_09",16,"DF",202,"PSME","Douglas-fir","DF",32,12.2,85,50,1,"Y",0,0,27.9,0.152555085108023,1211
"1212",240591,"41_09",6,"DF",202,"PSME","Douglas-fir","DF",31,14.4,93,35,1,"Y",0,0,41.4,0.152555085108023,1212
"1213",240591,"41_09",1,"DF",202,"PSME","Douglas-fir","DF",54,16.2,90,60,1,"Y",0,0,48.6,0.152555085108023,1213
"1214",240591,"41_09",23,"DF",202,"PSME","Douglas-fir","DF",17,19.6,95,40,1,"Y",0,0,71.5,0.152555085108023,1214
"1215",240591,"41_09",17,"DF",202,"PSME","Douglas-fir","DF",31,5.9,57,30,1,"Y",0,0,4.7,0.152555085108023,1215
"1216",240591,"41_09",3,"DF",202,"PSME","Douglas-fir","DF",,5,48,,,"Y",,,2.8,0.953469281925144,1216
"1217",240591,"41_09",3,"DF",202,"PSME","Douglas-fir","DF",54,12.8,86,45,1,"Y",0,0,30.7,0.152555085108023,1217
"1218",240591,"41_09",20,"DF",202,"PSME","Douglas-fir","DF",8,5.8,60,25,1,"Y",0,0,4.8,0.152555085108023,1218
"1219",240591,"41_09",21,"DF",202,"PSME","Douglas-fir","DF",3,6.7,59,30,1,"Y",0,0,6.1,0.152555085108023,1219
"1220",240591,"41_09",5,"DF",202,"PSME","Douglas-fir","DF",32,10.5,88,40,1,"Y",0,0,22.3,0.152555085108023,1220
"1221",240591,"41_09",10,"DF",202,"PSME","Douglas-fir","DF",10,9.8,94,25,1,"Y",0,0,21.3,0.152555085108023,1221
"1222",240591,"41_09",8,"DF",202,"PSME","Douglas-fir","DF",8,8.9,82,30,1,"Y",0,0,15.2,0.152555085108023,1222
"1223",240591,"41_09",19,"DF",202,"PSME","Douglas-fir","DF",10,5.7,56,20,1,"Y",0,0,4.3,0.152555085108023,1223
"1224",240591,"41_09",13,"DF",202,"PSME","Douglas-fir","DF",24,7.3,83,30,1,"Y",0,0,10.8,0.152555085108023,1224
"1225",240591,"41_09",22,"DF",202,"PSME","Douglas-fir","DF",13,13,83,40,1,"Y",0,0,30.2,0.152555085108023,1225
"1226",240591,"41_09",14,"DF",202,"PSME","Douglas-fir","DF",22,12.4,98,30,1,"Y",0,0,34.1,0.152555085108023,1226
"1227",240591,"41_09",24,"DF",202,"PSME","Douglas-fir","DF",30,7.6,77,60,1,"Y",0,0,10.6,0.152555085108023,1227
"1228",240591,"41_09",9,"DF",202,"PSME","Douglas-fir","DF",7,9.6,90,30,1,"Y",0,0,19.5,0.152555085108023,1228
"1229",240591,"41_09",11,"DF",202,"PSME","Douglas-fir","DF",10,13.5,98,40,1,"Y",0,0,39.6,0.152555085108023,1229
"1230",240591,"41_09",2,"DF",202,"PSME","Douglas-fir","DF",,4,45,,,"Y",,,1.7,0.953469281925144,1230
"1231",240591,"41_09",3,"DF",202,"PSME","Douglas-fir","DF",,5,48,,,"Y",,,2.8,0.953469281925144,1231
"1232",240591,"41_09",28,"DF",202,"PSME","Douglas-fir","DF",43,8.9,81,35,1,"Y",0,0,15,0.152555085108023,1232
"1233",240591,"41_09",26,"PM",361,"ARME","Pacific madrone","OtherBroadLeaved",56,12.9,69,40,1,"Y",0,0,35.2,0.152555085108023,1233
"1234",240591,"41_09",2,"DF",202,"PSME","Douglas-fir","DF",55,6.1,66,30,1,"Y",0,0,5.9,0.152555085108023,1234
"1235",240591,"41_09",18,"DF",202,"PSME","Douglas-fir","DF",16,9.1,78,35,1,"Y",0,0,14.9,0.152555085108023,1235
"1236",240591,"41_09",27,"PM",361,"ARME","Pacific madrone","OtherBroadLeaved",57,7.1,66,35,1,"Y",0,0,10.5,0.152555085108023,1236
"1237",240591,"41_09",12,"DF",202,"PSME","Douglas-fir","DF",9,11.5,88,30,1,"Y",0,0,26.3,0.152555085108023,1237
"1238",240591,"41_09",7,"DF",202,"PSME","Douglas-fir","DF",31,9.6,87,35,1,"Y",0,0,18.7,0.152555085108023,1238
"1239",240591,"41_09",25,"DF",202,"PSME","Douglas-fir","DF",43,15.7,94,40,1,"Y",0,0,48.6,0.152555085108023,1239
"1240",240591,"41_09",4,"DF",202,"PSME","Douglas-fir","DF",35,6.5,62,35,1,"Y",0,0,6.1,0.152555085108023,1240
"1241",240591,"41_09",15,"DF",202,"PSME","Douglas-fir","DF",38,37.7,116,65,1,"Y",0,0,258.7,0.152555085108023,1241
"1242",240591,"41_14",13,"CH",760,"PRUNU","Cherry","OtherBroadLeaved",27,6.6,56,25,1,"Y",0,0,8.3,0.0480322189290708,1242
"1243",240591,"41_14",25,"DF",202,"PSME","Douglas-fir","DF",88,14.2,90,40,1,"Y",0,0,38.8,0.0480322189290708,1243
"1244",240591,"41_14",26,"DF",202,"PSME","Douglas-fir","DF",90,6.5,48,40,3,"Y",0,0,4.6,0.0480322189290708,1244
"1245",240591,"41_14",18,"DF",202,"PSME","Douglas-fir","DF",39,12,81,40,1,"Y",0,0,25.5,0.0480322189290708,1245
"1246",240591,"41_14",17,"DF",202,"PSME","Douglas-fir","DF",40,13.4,86,40,1,"Y",0,0,33.2,0.0480322189290708,1246
"1247",240591,"41_14",32,"DF",202,"PSME","Douglas-fir","DF",16,15.5,120,40,1,"Y",0,0,63.3,0.0480322189290708,1247
"1248",240591,"41_14",14,"DF",202,"PSME","Douglas-fir","DF",20,12.6,62,40,1,"Y",0,0,20.2,0.0480322189290708,1248
"1249",240591,"41_14",4,"DF",202,"PSME","Douglas-fir","DF",88,14,103,35,1,"Y",0,0,44.8,0.0480322189290708,1249
"1250",240591,"41_14",21,"DF",202,"PSME","Douglas-fir","DF",83,10.4,78,35,1,"Y",0,0,19,0.0480322189290708,1250
"1251",240591,"41_14",3,"DF",202,"PSME","Douglas-fir","DF",81,16.3,96,40,1,"Y",0,0,53.2,0.0480322189290708,1251
"1252",240591,"41_14",22,"DF",202,"PSME","Douglas-fir","DF",91,15.4,91,45,1,"Y",0,0,45.2,0.0480322189290708,1252
"1253",240591,"41_14",28,"DF",202,"PSME","Douglas-fir","DF",82,14.3,91,35,1,"Y",0,0,39.8,0.0480322189290708,1253
"1254",240591,"41_14",29,"DF",202,"PSME","Douglas-fir","DF",66,7.3,42,30,3,"Y",0,0,5,0.0480322189290708,1254
"1255",240591,"41_14",15,"DF",202,"PSME","Douglas-fir","DF",20,9.7,66,30,1,"Y",0,0,13.7,0.0480322189290708,1255
"1256",240591,"41_14",16,"DF",202,"PSME","Douglas-fir","DF",7,15.8,71,45,3,"Y",0,0,35,0.0480322189290708,1256
"1257",240591,"41_14",30,"DF",202,"PSME","Douglas-fir","DF",45,6.1,36,0,2,"N",1,0,3.1,0.0480322189290708,1257
"1258",240591,"41_14",24,"DF",202,"PSME","Douglas-fir","DF",92,12,80,35,1,"Y",0,0,25.1,0.0480322189290708,1258
"1259",240591,"41_14",12,"CH",760,"PRUNU","Cherry","OtherBroadLeaved",25,7.3,58,20,1,"Y",0,0,10.3,0.0480322189290708,1259
"1260",240591,"41_14",19,"DF",202,"PSME","Douglas-fir","DF",53,13,85,35,1,"Y",0,0,31.1,0.0480322189290708,1260
"1261",240591,"41_14",34,"DF",202,"PSME","Douglas-fir","DF",12,7.7,58,0,2,"N",1,0,7.8,0.0480322189290708,1261
"1262",240591,"41_14",20,"DF",202,"PSME","Douglas-fir","DF",61,15.2,98,35,1,"Y",0,0,48.5,0.0480322189290708,1262
"1263",240591,"41_14",27,"DF",202,"PSME","Douglas-fir","DF",92,6.7,56,30,1,"Y",0,0,5.8,0.0480322189290708,1263
"1264",240591,"41_14",6,"DF",202,"PSME","Douglas-fir","DF",92,8.7,79,30,1,"Y",0,0,14,0.0480322189290708,1264
"1265",240591,"41_14",7,"DF",202,"PSME","Douglas-fir","DF",93,13.6,80,40,1,"Y",0,0,31.1,0.0480322189290708,1265
"1266",240591,"41_14",8,"DF",202,"PSME","Douglas-fir","DF",84,6.1,39,0,2,"N",2,0,3.3,0.0480322189290708,1266
"1267",240591,"41_14",1,"DF",202,"PSME","Douglas-fir","DF",36,11.5,90,30,3,"Y",0,0,27,0.0480322189290708,1267
"1268",240591,"41_14",11,"DF",202,"PSME","Douglas-fir","DF",30,8.8,63,35,1,"Y",0,0,10.9,0.0480322189290708,1268
"1269",240591,"41_14",5,"DF",202,"PSME","Douglas-fir","DF",91,6.6,74,20,1,"Y",0,0,7.8,0.0480322189290708,1269
"1270",240591,"41_14",31,"DF",202,"PSME","Douglas-fir","DF",16,9.3,70,30,3,"Y",0,0,13.6,0.0480322189290708,1270
"1271",240591,"41_14",10,"DF",202,"PSME","Douglas-fir","DF",56,11.8,79,30,3,"Y",0,0,24,0.0480322189290708,1271
"1272",240591,"41_14",9,"DF",202,"PSME","Douglas-fir","DF",70,15.7,91,35,1,"Y",0,0,46.7,0.0480322189290708,1272
"1273",240591,"41_14",2,"DF",202,"PSME","Douglas-fir","DF",36,13.9,103,30,1,"Y",0,0,44.2,0.0480322189290708,1273
"1274",240591,"41_14",23,"DF",202,"PSME","Douglas-fir","DF",89,9.2,80,30,1,"Y",0,0,15.7,0.0480322189290708,1274
"1275",240591,"41_14",33,"DF",202,"PSME","Douglas-fir","DF",4,18.6,100,35,1,"Y",0,0,69.9,0.0480322189290708,1275
"1276",240591,"41_19",15,"DF",202,"PSME","Douglas-fir","DF",3,6.6,75,20,1,"Y",0,0,8,0.00969336367580907,1276
"1277",240591,"41_19",44,"RA",351,"ALRU","Red alder","RA",2,10.3,80,45,1,"Y",0,0,22.5,0.00969336367580907,1277
"1278",240591,"41_19",22,"OM",981,"UMCA","Oregon myrtle","OM",52,6.5,57,30,1,"Y",0,0,8.1,0.00969336367580907,1278
"1279",240591,"41_19",1,"DF",202,"PSME","Douglas-fir","DF",71,9.8,75,30,3,"Y",0,0,16.3,0.00969336367580907,1279
"1280",240591,"41_19",34,"DF",202,"PSME","Douglas-fir","DF",80,7.9,65,40,1,"Y",0,0,9.3,0.00969336367580907,1280
"1281",240591,"41_19",36,"WH",263,"TSHE","Western hemlock","WH",95,14.3,97,50,1,"Y",0,0,46.5,0.00969336367580907,1281
"1282",240591,"41_19",41,"DF",202,"PSME","Douglas-fir","DF",35,8,88,35,1,"Y",0,0,13.7,0.00969336367580907,1282
"1283",240591,"41_19",6,"DF",202,"PSME","Douglas-fir","DF",40,9.8,87,30,1,"Y",0,0,19.4,0.00969336367580907,1283
"1284",240591,"41_19",27,"DF",202,"PSME","Douglas-fir","DF",89,12.7,85,40,1,"Y",0,0,29.8,0.00969336367580907,1284
"1285",240591,"41_19",4,"DF",202,"PSME","Douglas-fir","DF",52,7.2,69,40,1,"Y",0,0,8.4,0.00969336367580907,1285
"1286",240591,"41_19",5,"DF",202,"PSME","Douglas-fir","DF",49,10.2,85,35,1,"Y",0,0,20.3,0.00969336367580907,1286
"1287",240591,"41_19",10,"DF",202,"PSME","Douglas-fir","DF",28,10.1,86,30,1,"Y",0,0,20.3,0.00969336367580907,1287
"1288",240591,"41_19",7,"DF",202,"PSME","Douglas-fir","DF",20,17.4,103,55,1,"Y",0,0,64.8,0.00969336367580907,1288
"1289",240591,"41_19",11,"DF",202,"PSME","Douglas-fir","DF",15,7.7,82,20,1,"Y",0,0,11.7,0.00969336367580907,1289
"1290",240591,"41_19",38,"DF",202,"PSME","Douglas-fir","DF",58,11,84,35,1,"Y",0,0,22.9,0.00969336367580907,1290
"1291",240591,"41_19",13,"DF",202,"PSME","Douglas-fir","DF",15,6.7,61,20,1,"Y",0,0,6.4,0.00969336367580907,1291
"1292",240591,"41_19",12,"DF",202,"PSME","Douglas-fir","DF",22,8.9,71,20,1,"Y",0,0,12.8,0.00969336367580907,1292
"1293",240591,"41_19",16,"DF",202,"PSME","Douglas-fir","DF",20,10.4,91,30,1,"Y",0,0,22.8,0.00969336367580907,1293
"1294",240591,"41_19",40,"DF",202,"PSME","Douglas-fir","DF",46,6.7,70,15,1,"Y",0,0,7.5,0.00969336367580907,1294
"1295",240591,"41_19",18,"DF",202,"PSME","Douglas-fir","DF",25,6.4,64,20,1,"Y",0,0,6.2,0.00969336367580907,1295
"1296",240591,"41_19",20,"DF",202,"PSME","Douglas-fir","DF",54,10.1,41,0,2,"N",2,0,9.1,0.00969336367580907,1296
"1297",240591,"41_19",19,"DF",202,"PSME","Douglas-fir","DF",26,8.8,77,25,1,"Y",0,0,13.8,0.00969336367580907,1297
"1298",240591,"41_19",17,"DF",202,"PSME","Douglas-fir","DF",21,6.6,61,20,1,"Y",0,0,6.2,0.00969336367580907,1298
"1299",240591,"41_19",9,"DF",202,"PSME","Douglas-fir","DF",34,11.3,79,20,1,"Y",0,0,22.3,0.00969336367580907,1299
"1300",240591,"41_19",23,"DF",202,"PSME","Douglas-fir","DF",78,12.3,78,35,1,"Y",0,0,25.4,0.00969336367580907,1300
"1301",240591,"41_19",25,"DF",202,"PSME","Douglas-fir","DF",79,6.7,64,30,1,"Y",0,0,6.7,0.00969336367580907,1301
"1302",240591,"41_19",24,"DF",202,"PSME","Douglas-fir","DF",72,8,66,40,1,"Y",0,0,9.7,0.00969336367580907,1302
"1303",240591,"41_19",14,"DF",202,"PSME","Douglas-fir","DF",10,10.6,93,30,1,"Y",0,0,24.2,0.00969336367580907,1303
"1304",240591,"41_19",29,"DF",202,"PSME","Douglas-fir","DF",94,11.9,82,30,1,"Y",0,0,25.5,0.00969336367580907,1304
"1305",240591,"41_19",26,"DF",202,"PSME","Douglas-fir","DF",80,6.3,62,30,1,"Y",0,0,5.8,0.00969336367580907,1305
"1306",240591,"41_19",28,"DF",202,"PSME","Douglas-fir","DF",106,9.4,66,40,1,"Y",0,0,13,0.00969336367580907,1306
"1307",240591,"41_19",30,"DF",202,"PSME","Douglas-fir","DF",87,12.6,84,35,1,"Y",0,0,29,0.00969336367580907,1307
"1308",240591,"41_19",31,"DF",202,"PSME","Douglas-fir","DF",100,10.9,82,40,1,"Y",0,0,21.9,0.00969336367580907,1308
"1309",240591,"41_19",32,"DF",202,"PSME","Douglas-fir","DF",93,10,82,30,1,"Y",0,0,18.8,0.00969336367580907,1309
"1310",240591,"41_19",33,"DF",202,"PSME","Douglas-fir","DF",81,6.9,69,25,1,"Y",0,0,7.8,0.00969336367580907,1310
"1311",240591,"41_19",47,"DF",202,"PSME","Douglas-fir","DF",30,13,91,55,1,"Y",0,0,33.8,0.00969336367580907,1311
"1312",240591,"41_19",35,"DF",202,"PSME","Douglas-fir","DF",87,7.4,71,20,1,"Y",0,0,9.1,0.00969336367580907,1312
"1313",240591,"41_19",39,"WH",263,"TSHE","Western hemlock","WH",48,7.8,80,35,1,"Y",0,0,12.4,0.00969336367580907,1313
"1314",240591,"41_19",37,"DF",202,"PSME","Douglas-fir","DF",76,8.7,73,35,1,"Y",0,0,12.7,0.00969336367580907,1314
"1315",240591,"41_19",42,"DF",202,"PSME","Douglas-fir","DF",30,9.5,82,40,1,"Y",0,0,17.1,0.00969336367580907,1315
"1316",240591,"41_19",21,"OM",981,"UMCA","Oregon myrtle","OM",47,6.1,60,30,1,"Y",0,0,7.4,0.00969336367580907,1316
"1317",240591,"41_19",43,"DF",202,"PSME","Douglas-fir","DF",12,11.1,88,35,1,"Y",0,0,24.7,0.00969336367580907,1317
"1318",240591,"41_19",45,"DF",202,"PSME","Douglas-fir","DF",16,9.1,81,30,1,"Y",0,0,15.6,0.00969336367580907,1318
"1319",240591,"41_19",2,"DF",202,"PSME","Douglas-fir","DF",66,7.4,57,35,1,"Y",0,0,7.1,0.00969336367580907,1319
"1320",240591,"41_19",3,"DF",202,"PSME","Douglas-fir","DF",51,16,83,60,1,"Y",0,0,43,0.00969336367580907,1320
"1321",240591,"41_19",49,"DF",202,"PSME","Douglas-fir","DF",66,6.5,49,40,1,"Y",0,0,4.7,0.00969336367580907,1321
"1322",240591,"41_19",46,"DF",202,"PSME","Douglas-fir","DF",14,14.5,91,45,1,"Y",0,0,40.8,0.00969336367580907,1322
"1323",240591,"41_19",48,"DF",202,"PSME","Douglas-fir","DF",50,9.8,62,40,1,"Y",0,0,12.9,0.00969336367580907,1323
"1324",240591,"41_19",50,"DF",202,"PSME","Douglas-fir","DF",69,9.3,78,35,3,"Y",0,0,15.5,0.00969336367580907,1324
"1325",240591,"41_19",8,"DF",202,"PSME","Douglas-fir","DF",40,9,82,20,1,"Y",0,0,15.5,0.00969336367580907,1325
"1326",240591,"41_20",2,"DF",202,"PSME","Douglas-fir","DF",,2,9,,,"Y",,,0.1,6.39150003124458,1326
"1327",240591,"41_20",21,"RA",351,"ALRU","Red alder","RA",3,5.6,51,30,1,"Y",0,0,5.3,1.02264000499913,1327
"1328",240591,"41_20",7,"DF",202,"PSME","Douglas-fir","DF",66,11,78,35,1,"Y",0,0,20.9,1.02264000499913,1328
"1329",240591,"41_20",40,"DF",202,"PSME","Douglas-fir","DF",34,13.9,82,35,1,"Y",0,0,33.3,1.02264000499913,1329
"1330",240591,"41_20",3,"BM",312,"ACMA","Bigleaf maple","BM",37,6.6,56,35,1,"Y",0,0,6.9,1.02264000499913,1330
"1331",240591,"41_20",4,"DF",202,"PSME","Douglas-fir","DF",,4,43,,,"Y",,,1.7,6.39150003124458,1331
"1332",240591,"41_20",5,"DF",202,"PSME","Douglas-fir","DF",62,11,78,40,1,"Y",0,0,20.9,1.02264000499913,1332
"1333",240591,"41_20",34,"DF",202,"PSME","Douglas-fir","DF",76,11.7,87,35,1,"Y",0,0,26.7,1.02264000499913,1333
"1334",240591,"41_20",13,"DF",202,"PSME","Douglas-fir","DF",51,6.4,55,25,1,"Y",0,0,5.2,1.02264000499913,1334
"1335",240591,"41_20",26,"DF",202,"PSME","Douglas-fir","DF",43,6.2,55,30,1,"Y",0,0,4.9,1.02264000499913,1335
"1336",240591,"41_20",41,"DF",202,"PSME","Douglas-fir","DF",37,11.7,80,35,1,"Y",0,0,24,1.02264000499913,1336
"1337",240591,"41_20",38,"DF",202,"PSME","Douglas-fir","DF",49,11.5,80,30,1,"Y",0,0,23.3,1.02264000499913,1337
"1338",240591,"41_20",42,"DF",202,"PSME","Douglas-fir","DF",13,15.5,81,35,1,"Y",0,0,39.6,1.02264000499913,1338
"1339",240591,"41_20",2,"BM",312,"ACMA","Bigleaf maple","BM",31,5.6,57,35,1,"Y",0,0,4.8,1.02264000499913,1339
"1340",240591,"41_20",19,"DF",202,"PSME","Douglas-fir","DF",32,12.1,76,40,1,"Y",0,0,23.9,1.02264000499913,1340
"1341",240591,"41_20",4,"DF",202,"PSME","Douglas-fir","DF",44,13.7,85,35,1,"Y",0,0,34,1.02264000499913,1341
"1342",240591,"41_20",2,"DF",202,"PSME","Douglas-fir","DF",,2,9,,,"Y",,,0.1,6.39150003124458,1342
"1343",240591,"41_20",36,"DF",202,"PSME","Douglas-fir","DF",74,14.1,81,40,1,"Y",0,0,33.6,1.02264000499913,1343
"1344",240591,"41_20",1,"DF",202,"PSME","Douglas-fir","DF",,1,5,,,"Y",,,0,6.39150003124458,1344
"1345",240591,"41_20",10,"DF",202,"PSME","Douglas-fir","DF",64,9,76,30,1,"Y",0,0,14.2,1.02264000499913,1345
"1346",240591,"41_20",14,"DF",202,"PSME","Douglas-fir","DF",54,7.3,77,0,1,"N",2,0,9.8,1.02264000499913,1346
"1347",240591,"41_20",29,"DF",202,"PSME","Douglas-fir","DF",48,7,60,30,1,"Y",0,0,6.8,1.02264000499913,1347
"1348",240591,"41_20",3,"DF",202,"PSME","Douglas-fir","DF",,3,37,,,"Y",,,0.8,6.39150003124458,1348
"1349",240591,"41_20",32,"DF",202,"PSME","Douglas-fir","DF",62,10.4,81,35,1,"Y",0,0,19.9,1.02264000499913,1349
"1350",240591,"41_20",33,"DF",202,"PSME","Douglas-fir","DF",76,8.9,77,30,1,"Y",0,0,14.1,1.02264000499913,1350
"1351",240591,"41_20",12,"DF",202,"PSME","Douglas-fir","DF",58,10.6,83,40,1,"Y",0,0,21.2,1.02264000499913,1351
"1352",240591,"41_20",11,"DF",202,"PSME","Douglas-fir","DF",59,14.6,92,35,1,"Y",0,0,41.8,1.02264000499913,1352
"1353",240591,"41_20",35,"DF",202,"PSME","Douglas-fir","DF",76,12,90,35,1,"Y",0,0,29.1,1.02264000499913,1353
"1354",240591,"41_20",8,"DF",202,"PSME","Douglas-fir","DF",70,12.8,83,40,1,"Y",0,0,29.4,1.02264000499913,1354
"1355",240591,"41_20",37,"DF",202,"PSME","Douglas-fir","DF",71,9.9,77,35,1,"Y",0,0,17.1,1.02264000499913,1355
"1356",240591,"41_20",1,"DF",202,"PSME","Douglas-fir","DF",,1,5,,,"Y",,,0,6.39150003124458,1356
"1357",240591,"41_20",6,"DF",202,"PSME","Douglas-fir","DF",67,6.6,64,30,1,"Y",0,0,6.6,1.02264000499913,1357
"1358",240591,"41_20",39,"DF",202,"PSME","Douglas-fir","DF",45,12.5,75,40,1,"Y",0,0,24.9,1.02264000499913,1358
"1359",240591,"41_20",20,"DF",202,"PSME","Douglas-fir","DF",3,6.9,57,45,1,"Y",0,0,6.2,1.02264000499913,1359
"1360",240591,"41_20",15,"DF",202,"PSME","Douglas-fir","DF",46,15,89,40,1,"Y",0,0,42,1.02264000499913,1360
"1361",240591,"41_20",1,"DF",202,"PSME","Douglas-fir","DF",,1,5,,,"Y",,,0,6.39150003124458,1361
"1362",240591,"41_20",16,"DF",202,"PSME","Douglas-fir","DF",52,7.7,66,30,1,"Y",0,0,9,1.02264000499913,1362
"1363",240591,"41_20",43,"DF",202,"PSME","Douglas-fir","DF",9,9.7,87,30,1,"Y",0,0,19.1,1.02264000499913,1363
"1364",240591,"41_20",22,"DF",202,"PSME","Douglas-fir","DF",6,6.7,52,40,1,"Y",0,0,5.3,1.02264000499913,1364
"1365",240591,"41_20",23,"DF",202,"PSME","Douglas-fir","DF",16,11.2,69,35,1,"Y",0,0,18.6,1.02264000499913,1365
"1366",240591,"41_20",24,"DF",202,"PSME","Douglas-fir","DF",29,5.8,43,45,1,"Y",0,0,3.3,1.02264000499913,1366
"1367",240591,"41_20",27,"DF",202,"PSME","Douglas-fir","DF",41,12,68,30,1,"Y",0,0,20.6,1.02264000499913,1367
"1368",240591,"41_20",9,"DF",202,"PSME","Douglas-fir","DF",58,15.7,86,45,1,"Y",0,0,43.5,1.02264000499913,1368
"1369",240591,"41_20",28,"DF",202,"PSME","Douglas-fir","DF",43,12.3,78,35,1,"Y",0,0,25.4,1.02264000499913,1369
"1370",240591,"41_20",18,"DF",202,"PSME","Douglas-fir","DF",33,9.9,64,40,1,"Y",0,0,13.7,1.02264000499913,1370
"1371",240591,"41_20",1,"DF",202,"PSME","Douglas-fir","DF",23,12.3,82,35,1,"Y",0,0,27,1.02264000499913,1371
"1372",240591,"41_20",30,"DF",202,"PSME","Douglas-fir","DF",60,14.6,83,40,1,"Y",0,0,36.8,1.02264000499913,1372
"1373",240591,"41_20",31,"DF",202,"PSME","Douglas-fir","DF",62,11.5,77,35,1,"Y",0,0,22.2,1.02264000499913,1373
"1374",240591,"41_20",25,"DF",202,"PSME","Douglas-fir","DF",34,6.7,56,30,1,"Y",0,0,5.8,1.02264000499913,1374
"1375",240591,"41_20",17,"DF",202,"PSME","Douglas-fir","DF",41,10.8,66,35,1,"Y",0,0,16.5,1.02264000499913,1375
"1376",240591,"41_27",3,"DF",202,"PSME","Douglas-fir","DF",29,10.5,87,30,1,"Y",0,0,22,0.12431196526977,1376
"1377",240591,"41_27",6,"DF",202,"PSME","Douglas-fir","DF",20,16.4,94,35,1,"Y",0,0,52.3,0.12431196526977,1377
"1378",240591,"41_27",8,"DF",202,"PSME","Douglas-fir","DF",47,11.5,85,25,1,"Y",0,0,25.2,0.12431196526977,1378
"1379",240591,"41_27",9,"DF",202,"PSME","Douglas-fir","DF",41,11.5,85,30,1,"Y",0,0,25.2,0.12431196526977,1379
"1380",240591,"41_27",20,"DF",202,"PSME","Douglas-fir","DF",31,15.1,94,55,1,"Y",0,0,45.5,0.12431196526977,1380
"1381",240591,"41_27",4,"DF",202,"PSME","Douglas-fir","DF",13,13.1,90,40,1,"Y",0,0,33.8,0.12431196526977,1381
"1382",240591,"41_27",15,"DF",202,"PSME","Douglas-fir","DF",63,7.3,61,0,1,"N",1,0,7.5,0.12431196526977,1382
"1383",240591,"41_27",11,"DF",202,"PSME","Douglas-fir","DF",58,8.6,86,20,1,"Y",0,0,15.1,0.12431196526977,1383
"1384",240591,"41_27",1,"DF",202,"PSME","Douglas-fir","DF",54,16.2,83,70,1,"Y",0,0,43.9,0.12431196526977,1384
"1385",240591,"41_27",21,"DF",202,"PSME","Douglas-fir","DF",62,13.3,79,40,1,"Y",0,0,29.5,0.12431196526977,1385
"1386",240591,"41_27",10,"DF",202,"PSME","Douglas-fir","DF",59,8.3,65,15,1,"Y",0,0,10.2,0.12431196526977,1386
"1387",240591,"41_27",2,"DF",202,"PSME","Douglas-fir","DF",26,12.5,94,40,1,"Y",0,0,32.9,0.12431196526977,1387
"1388",240591,"41_27",5,"DF",202,"PSME","Douglas-fir","DF",10,9,75,35,1,"Y",0,0,14,0.12431196526977,1388
"1389",240591,"41_27",14,"DF",202,"PSME","Douglas-fir","DF",70,17.1,89,50,1,"Y",0,0,52.5,0.12431196526977,1389
"1390",240591,"41_27",23,"DF",202,"PSME","Douglas-fir","DF",69,13,85,50,1,"Y",0,0,31.1,0.12431196526977,1390
"1391",240591,"41_27",24,"DF",202,"PSME","Douglas-fir","DF",57,12.2,91,45,1,"Y",0,0,30.3,0.12431196526977,1391
"1392",240591,"41_27",7,"DF",202,"PSME","Douglas-fir","DF",13,9.8,92,15,1,"Y",0,0,20.7,0.12431196526977,1392
"1393",240591,"41_27",12,"DF",202,"PSME","Douglas-fir","DF",67,10.4,83,25,1,"Y",0,0,20.5,0.12431196526977,1393
"1394",240591,"41_27",13,"DF",202,"PSME","Douglas-fir","DF",79,13.3,91,35,1,"Y",0,0,35.2,0.12431196526977,1394
"1395",240591,"41_27",18,"DF",202,"PSME","Douglas-fir","DF",11,14.2,92,40,1,"Y",0,0,39.9,0.12431196526977,1395
"1396",240591,"41_27",16,"DF",202,"PSME","Douglas-fir","DF",55,16.4,93,40,1,"Y",0,0,51.6,0.12431196526977,1396
"1397",240591,"41_27",17,"DF",202,"PSME","Douglas-fir","DF",18,8.3,69,10,1,"Y",0,0,10.9,0.12431196526977,1397
"1398",240591,"41_27",19,"DF",202,"PSME","Douglas-fir","DF",9,16.6,94,40,1,"Y",0,0,53.4,0.12431196526977,1398
"1399",240591,"41_27",25,"DF",202,"PSME","Douglas-fir","DF",70,7,65,20,1,"Y",0,0,7.4,0.12431196526977,1399
"1400",240591,"41_27",22,"DF",202,"PSME","Douglas-fir","DF",57,18,90,55,1,"Y",0,0,58,0.12431196526977,1400
"1401",240591,"41_29",2,"RC",242,"THPL","Western redcedar","RC",43,7.3,26,65,3,"Y",0,0,4.2,0.0384946247440972,1401
"1402",240591,"41_29",8,"DF",202,"PSME","Douglas-fir","DF",36,12.1,78,45,1,"Y",0,0,24.7,0.0384946247440972,1402
"1403",240591,"41_29",18,"DF",202,"PSME","Douglas-fir","DF",44,10.5,68,55,1,"Y",0,0,16.3,0.0384946247440972,1403
"1404",240591,"41_29",11,"DF",202,"PSME","Douglas-fir","DF",13,12.7,80,60,1,"Y",0,0,27.7,0.0384946247440972,1404
"1405",240591,"41_29",15,"DF",202,"PSME","Douglas-fir","DF",48,6.7,41,30,3,"Y",0,0,4.2,0.0384946247440972,1405
"1406",240591,"41_29",4,"DF",202,"PSME","Douglas-fir","DF",11,6.7,53,60,1,"Y",0,0,5.4,0.0384946247440972,1406
"1407",240591,"41_29",10,"RC",242,"THPL","Western redcedar","RC",19,12,37,80,3,"Y",0,0,14.2,0.0384946247440972,1407
"1408",240591,"41_29",12,"DF",202,"PSME","Douglas-fir","DF",1,9.5,29,55,1,"Y",0,0,6.3,0.0384946247440972,1408
"1409",240591,"41_29",17,"DF",202,"PSME","Douglas-fir","DF",42,15.6,85,55,1,"Y",0,0,42.4,0.0384946247440972,1409
"1410",240591,"41_29",19,"DF",202,"PSME","Douglas-fir","DF",47,7,22,70,3,"Y",0,0,3,0.0384946247440972,1410
"1411",240591,"41_29",14,"DF",202,"PSME","Douglas-fir","DF",37,8,28,45,3,"Y",0,0,4.4,0.0384946247440972,1411
"1412",240591,"41_29",13,"DF",202,"PSME","Douglas-fir","DF",33,13.3,84,60,1,"Y",0,0,31.8,0.0384946247440972,1412
"1413",240591,"41_29",9,"DF",202,"PSME","Douglas-fir","DF",31,19.5,90,70,1,"Y",0,0,66.3,0.0384946247440972,1413
"1414",240591,"41_29",7,"DF",202,"PSME","Douglas-fir","DF",35,11.4,66,65,1,"Y",0,0,18.2,0.0384946247440972,1414
"1415",240591,"41_29",1,"DF",202,"PSME","Douglas-fir","DF",,1,6,,,"Y",,,0,0.240591404650608,1415
"1416",240591,"41_29",20,"DF",202,"PSME","Douglas-fir","DF",50,7.6,41,70,1,"Y",0,0,5.3,0.0384946247440972,1416
"1417",240591,"41_29",5,"DF",202,"PSME","Douglas-fir","DF",24,9.5,52,55,1,"Y",0,0,10.1,0.0384946247440972,1417
"1418",240591,"41_29",6,"WH",263,"TSHE","Western hemlock","WH",27,18.7,99,55,3,"Y",0,0,75.6,0.0384946247440972,1418
"1419",240591,"41_29",1,"RA",351,"ALRU","Red alder","RA",50,13.3,81,70,1,"Y",0,0,37.7,0.0384946247440972,1419
"1420",240591,"41_29",16,"DF",202,"PSME","Douglas-fir","DF",45,9.6,35,30,3,"Y",0,0,7.3,0.0384946247440972,1420
"1421",240591,"41_29",3,"DF",202,"PSME","Douglas-fir","DF",5,12.1,75,5,1,"Y",0,0,23.5,0.0384946247440972,1421
"1422",240591,"41_A01",2,"BM",312,"ACMA","Bigleaf maple","BM",11,6.6,53,35,1,"Y",0,0,6.7,0.0949987801418015,1422
"1423",240591,"41_A01",25,"BM",312,"ACMA","Bigleaf maple","BM",23,6.8,42,45,1,"Y",0,0,6.2,0.0949987801418015,1423
"1424",240591,"41_A01",29,"BM",312,"ACMA","Bigleaf maple","BM",15,8.5,47,45,1,"Y",0,0,10.9,0.0949987801418015,1424
"1425",240591,"41_A01",7,"BM",312,"ACMA","Bigleaf maple","BM",20,7.1,63,35,1,"Y",0,0,8.7,0.0949987801418015,1425
"1426",240591,"41_A01",39,"DF",202,"PSME","Douglas-fir","DF",74,8.6,63,45,3,"Y",0,0,10.5,0.0949987801418015,1426
"1427",240591,"41_A01",40,"DF",202,"PSME","Douglas-fir","DF",75,9.5,80,45,1,"Y",0,0,16.6,0.0949987801418015,1427
"1428",240591,"41_A01",19,"BM",312,"ACMA","Bigleaf maple","BM",85,7.6,40,30,1,"Y",0,0,7.8,0.0949987801418015,1428
"1429",240591,"41_A01",8,"BM",312,"ACMA","Bigleaf maple","BM",21,8.2,67,35,1,"Y",0,0,12.4,0.0949987801418015,1429
"1430",240591,"41_A01",3,"BM",312,"ACMA","Bigleaf maple","BM",15,7.3,52,30,1,"Y",0,0,8.2,0.0949987801418015,1430
"1431",240591,"41_A01",36,"DF",202,"PSME","Douglas-fir","DF",22,6.1,56,35,1,"Y",0,0,4.9,0.0949987801418015,1431
"1432",240591,"41_A01",43,"DF",202,"PSME","Douglas-fir","DF",83,14.7,86,55,1,"Y",0,0,38.9,0.0949987801418015,1432
"1433",240591,"41_A01",14,"RA",351,"ALRU","Red alder","RA",68,7.6,38,30,1,"Y",0,0,8.6,0.0949987801418015,1433
"1434",240591,"41_A01",33,"BM",312,"ACMA","Bigleaf maple","BM",7,5.7,53,40,1,"Y",0,0,4.8,0.0949987801418015,1434
"1435",240591,"41_A01",24,"DF",202,"PSME","Douglas-fir","DF",75,8.6,55,60,1,"Y",0,0,9,0.0949987801418015,1435
"1436",240591,"41_A01",1,"BM",312,"ACMA","Bigleaf maple","BM",,5,38,,,"Y",,,3,0.593742375886259,1436
"1437",240591,"41_A01",17,"RA",351,"ALRU","Red alder","RA",76,9,52,35,1,"Y",0,0,13.7,0.0949987801418015,1437
"1438",240591,"41_A01",5,"BM",312,"ACMA","Bigleaf maple","BM",20,6.8,43,30,1,"Y",0,0,6.3,0.0949987801418015,1438
"1439",240591,"41_A01",27,"BM",312,"ACMA","Bigleaf maple","BM",17,7.1,48,40,1,"Y",0,0,7.4,0.0949987801418015,1439
"1440",240591,"41_A01",12,"RA",351,"ALRU","Red alder","RA",59,11.4,44,40,1,"Y",0,0,20.4,0.0949987801418015,1440
"1441",240591,"41_A01",41,"DF",202,"PSME","Douglas-fir","DF",72,11.1,77,45,1,"Y",0,0,20.9,0.0949987801418015,1441
"1442",240591,"41_A01",21,"BM",312,"ACMA","Bigleaf maple","BM",83,9,42,30,1,"Y",0,0,11.6,0.0949987801418015,1442
"1443",240591,"41_A01",2,"BM",312,"ACMA","Bigleaf maple","BM",,3,29,,,"Y",,,0.8,0.593742375886259,1443
"1444",240591,"41_A01",4,"BM",312,"ACMA","Bigleaf maple","BM",16,8.3,65,40,1,"Y",0,0,12.5,0.0949987801418015,1444
"1445",240591,"41_A01",9,"BM",312,"ACMA","Bigleaf maple","BM",23,9,61,30,1,"Y",0,0,14.4,0.0949987801418015,1445
"1446",240591,"41_A01",26,"BM",312,"ACMA","Bigleaf maple","BM",22,8.6,52,45,1,"Y",0,0,11.9,0.0949987801418015,1446
"1447",240591,"41_A01",44,"DF",202,"PSME","Douglas-fir","DF",81,18.2,91,50,1,"Y",0,0,59.9,0.0949987801418015,1447
"1448",240591,"41_A01",38,"DF",202,"PSME","Douglas-fir","DF",79,18.6,97,60,1,"Y",0,0,67.3,0.0949987801418015,1448
"1449",240591,"41_A01",34,"BM",312,"ACMA","Bigleaf maple","BM",6,7.8,57,50,1,"Y",0,0,10.1,0.0949987801418015,1449
"1450",240591,"41_A01",18,"RA",351,"ALRU","Red alder","RA",76,7.5,43,30,1,"Y",0,0,8.8,0.0949987801418015,1450
"1451",240591,"41_A01",31,"BM",312,"ACMA","Bigleaf maple","BM",7,6.5,44,40,1,"Y",0,0,5.8,0.0949987801418015,1451
"1452",240591,"41_A01",20,"BM",312,"ACMA","Bigleaf maple","BM",86,6.4,31,25,1,"Y",0,0,4.6,0.0949987801418015,1452
"1453",240591,"41_A01",37,"DF",202,"PSME","Douglas-fir","DF",45,9.8,84,40,1,"Y",0,0,18.6,0.0949987801418015,1453
"1454",240591,"41_A01",35,"DF",202,"PSME","Douglas-fir","DF",13,12.6,87,45,1,"Y",0,0,30.3,0.0949987801418015,1454
"1455",240591,"41_A01",23,"BM",312,"ACMA","Bigleaf maple","BM",86,6.8,43,55,1,"Y",0,0,6.3,0.0949987801418015,1455
"1456",240591,"41_A01",2,"BM",312,"ACMA","Bigleaf maple","BM",,3,29,,,"Y",,,0.8,0.593742375886259,1456
"1457",240591,"41_A01",13,"RA",351,"ALRU","Red alder","RA",60,14.5,53,35,1,"Y",0,0,35.6,0.0949987801418015,1457
"1458",240591,"41_A01",11,"RA",351,"ALRU","Red alder","RA",55,10.2,33,0,2,"N",4,0,9.4,0.0949987801418015,1458
"1459",240591,"41_A01",30,"BM",312,"ACMA","Bigleaf maple","BM",16,6.5,41,35,1,"Y",0,0,5.6,0.0949987801418015,1459
"1460",240591,"41_A01",1,"DF",202,"PSME","Douglas-fir","DF",22,11.1,44,45,3,"Y",0,0,11.5,0.0949987801418015,1460
"1461",240591,"41_A01",6,"BM",312,"ACMA","Bigleaf maple","BM",19,8,68,30,1,"Y",0,0,11.8,0.0949987801418015,1461
"1462",240591,"41_A01",22,"BM",312,"ACMA","Bigleaf maple","BM",83,9.3,53,45,1,"Y",0,0,14.3,0.0949987801418015,1462
"1463",240591,"41_A01",32,"BM",312,"ACMA","Bigleaf maple","BM",7,6.4,53,35,1,"Y",0,0,6.2,0.0949987801418015,1463
"1464",240591,"41_A01",42,"DF",202,"PSME","Douglas-fir","DF",91,13.1,81,55,1,"Y",0,0,29.6,0.0949987801418015,1464
"1465",240591,"41_A01",28,"BM",312,"ACMA","Bigleaf maple","BM",18,6.6,49,40,1,"Y",0,0,6.4,0.0949987801418015,1465
"1466",240591,"41_A01",15,"RA",351,"ALRU","Red alder","RA",71,11.7,68,40,1,"Y",0,0,26.5,0.0949987801418015,1466
"1467",240591,"41_A01",10,"RA",351,"ALRU","Red alder","RA",52,8.7,62,35,1,"Y",0,0,14,0.0949987801418015,1467
"1468",240591,"41_A01",2,"BM",312,"ACMA","Bigleaf maple","BM",,3,29,,,"Y",,,0.8,0.593742375886259,1468
"1469",240591,"41_A01",16,"RA",351,"ALRU","Red alder","RA",76,8,47,30,1,"Y",0,0,10.4,0.0949987801418015,1469
"1470",240591,"41_A12",4,"DF",202,"PSME","Douglas-fir","DF",9,14.1,89,30,1,"Y",0,0,37.8,0.0286963543431069,1470
"1471",240591,"41_A12",7,"DF",202,"PSME","Douglas-fir","DF",1,6.8,76,15,1,"Y",0,0,8.5,0.0286963543431069,1471
"1472",240591,"41_A12",1,"DF",202,"PSME","Douglas-fir","DF",22,14.6,88,30,1,"Y",0,0,39.6,0.0286963543431069,1472
"1473",240591,"41_A12",34,"DF",202,"PSME","Douglas-fir","DF",18,14.3,98,25,1,"Y",0,0,43.7,0.0286963543431069,1473
"1474",240591,"41_A12",9,"DF",202,"PSME","Douglas-fir","DF",2,11.4,95,20,1,"Y",0,0,28.3,0.0286963543431069,1474
"1475",240591,"41_A12",23,"DF",202,"PSME","Douglas-fir","DF",5,17,98,25,1,"Y",0,0,58.6,0.0286963543431069,1475
"1476",240591,"41_A12",20,"DF",202,"PSME","Douglas-fir","DF",10,11.3,80,15,1,"Y",0,0,22.6,0.0286963543431069,1476
"1477",240591,"41_A12",6,"DF",202,"PSME","Douglas-fir","DF",4,11,78,0,1,"N",2,0,20.9,0.0286963543431069,1477
"1478",240591,"41_A12",29,"DF",202,"PSME","Douglas-fir","DF",12,12.8,102,30,1,"Y",0,0,37.8,0.0286963543431069,1478
"1479",240591,"41_A12",17,"DF",202,"PSME","Douglas-fir","DF",17,10.4,92,30,1,"Y",0,0,23.1,0.0286963543431069,1479
"1480",240591,"41_A12",2,"DF",202,"PSME","Douglas-fir","DF",12,17,98,35,1,"Y",0,0,58.6,0.0286963543431069,1480
"1481",240591,"41_A12",33,"DF",202,"PSME","Douglas-fir","DF",24,12.9,94,35,1,"Y",0,0,34.8,0.0286963543431069,1481
"1482",240591,"41_A12",21,"DF",202,"PSME","Douglas-fir","DF",10,10.9,85,20,1,"Y",0,0,22.9,0.0286963543431069,1482
"1483",240591,"41_A12",3,"DF",202,"PSME","Douglas-fir","DF",16,12.5,85,30,1,"Y",0,0,29,0.0286963543431069,1483
"1484",240591,"41_A12",8,"DF",202,"PSME","Douglas-fir","DF",3,10.5,81,15,1,"Y",0,0,20.2,0.0286963543431069,1484
"1485",240591,"41_A12",14,"DF",202,"PSME","Douglas-fir","DF",16,10.6,90,30,3,"Y",0,0,23.3,0.0286963543431069,1485
"1486",240591,"41_A12",24,"DF",202,"PSME","Douglas-fir","DF",1,14.4,95,25,1,"Y",0,0,42.5,0.0286963543431069,1486
"1487",240591,"41_A12",31,"DF",202,"PSME","Douglas-fir","DF",17,16.7,96,30,1,"Y",0,0,55.4,0.0286963543431069,1487
"1488",240591,"41_A12",5,"DF",202,"PSME","Douglas-fir","DF",5,10.5,80,20,1,"Y",0,0,19.9,0.0286963543431069,1488
"1489",240591,"41_A12",27,"DF",202,"PSME","Douglas-fir","DF",20,15.2,99,25,1,"Y",0,0,49.1,0.0286963543431069,1489
"1490",240591,"41_A12",32,"DF",202,"PSME","Douglas-fir","DF",24,10.5,38,0,2,"N",2,0,9.2,0.0286963543431069,1490
"1491",240591,"41_A12",16,"DF",202,"PSME","Douglas-fir","DF",11,13.3,87,35,1,"Y",0,0,33.3,0.0286963543431069,1491
"1492",240591,"41_A12",11,"DF",202,"PSME","Douglas-fir","DF",8,10.1,79,35,1,"Y",0,0,18.3,0.0286963543431069,1492
"1493",240591,"41_A12",15,"DF",202,"PSME","Douglas-fir","DF",14,13.5,95,40,1,"Y",0,0,38.1,0.0286963543431069,1493
"1494",240591,"41_A12",28,"DF",202,"PSME","Douglas-fir","DF",12,8.2,75,30,1,"Y",0,0,11.8,0.0286963543431069,1494
"1495",240591,"41_A12",22,"DF",202,"PSME","Douglas-fir","DF",3,13.6,90,20,1,"Y",0,0,36.1,0.0286963543431069,1495
"1496",240591,"41_A12",13,"DF",202,"PSME","Douglas-fir","DF",2,9.3,73,20,1,"Y",0,0,14.4,0.0286963543431069,1496
"1497",240591,"41_A12",25,"DF",202,"PSME","Douglas-fir","DF",3,8.9,41,0,2,"N",2,0,7.1,0.0286963543431069,1497
"1498",240591,"41_A12",18,"DF",202,"PSME","Douglas-fir","DF",10,14,92,20,1,"Y",0,0,38.9,0.0286963543431069,1498
"1499",240591,"41_A12",19,"DF",202,"PSME","Douglas-fir","DF",18,17.5,91,30,1,"Y",0,0,56.1,0.0286963543431069,1499
"1500",240591,"41_A12",10,"DF",202,"PSME","Douglas-fir","DF",5,15.6,97,30,1,"Y",0,0,50,0.0286963543431069,1500
"1501",240591,"41_A12",30,"DF",202,"PSME","Douglas-fir","DF",13,11.7,86,20,1,"Y",0,0,26.3,0.0286963543431069,1501
"1502",240591,"41_A12",26,"DF",202,"PSME","Douglas-fir","DF",7,14.2,95,25,1,"Y",0,0,41.5,0.0286963543431069,1502
"1503",240591,"41_A12",12,"DF",202,"PSME","Douglas-fir","DF",8,14.4,88,25,1,"Y",0,0,38.6,0.0286963543431069,1503
"1504",240591,"42_14",19,"RA",351,"ALRU","Red alder","RA",4,15.6,88,40,1,"Y",0,0,54.4,0.0190011476965564,1504
"1505",240591,"42_14",13,"DF",202,"PSME","Douglas-fir","DF",2,7.1,63,40,1,"Y",0,0,7.4,0.0190011476965564,1505
"1506",240591,"42_14",1,"RA",351,"ALRU","Red alder","RA",1,12.6,100,30,1,"Y",0,0,38.5,0.0190011476965564,1506
"1507",240591,"42_14",26,"DF",202,"PSME","Douglas-fir","DF",5,11,92,25,1,"Y",0,0,25.6,0.0190011476965564,1507
"1508",240591,"42_14",9,"DF",202,"PSME","Douglas-fir","DF",2,6.3,94,15,1,"Y",0,0,9.7,0.0190011476965564,1508
"1509",240591,"42_14",6,"DF",202,"PSME","Douglas-fir","DF",2,10.6,101,25,1,"Y",0,0,26.6,0.0190011476965564,1509
"1510",240591,"42_14",10,"DF",202,"PSME","Douglas-fir","DF",1,7.2,91,15,1,"Y",0,0,11.8,0.0190011476965564,1510
"1511",240591,"42_14",4,"DF",202,"PSME","Douglas-fir","DF",7,7.7,49,0,1,"N",2,0,6.5,0.0190011476965564,1511
"1512",240591,"42_14",25,"DF",202,"PSME","Douglas-fir","DF",5,10.1,107,20,1,"Y",0,0,26.1,0.0190011476965564,1512
"1513",240591,"42_14",22,"DF",202,"PSME","Douglas-fir","DF",4,8.6,72,0,1,"N",1,0,12.2,0.0190011476965564,1513
"1514",240591,"42_14",16,"DF",202,"PSME","Douglas-fir","DF",3,10.6,79,40,1,"Y",0,0,19.9,0.0190011476965564,1514
"1515",240591,"42_14",12,"DF",202,"PSME","Douglas-fir","DF",4,10.8,96,35,1,"Y",0,0,25.9,0.0190011476965564,1515
"1516",240591,"42_14",24,"DF",202,"PSME","Douglas-fir","DF",4,11.1,65,0,1,"N",1,0,17,0.0190011476965564,1516
"1517",240591,"42_14",17,"DF",202,"PSME","Douglas-fir","DF",1,11.4,82,25,1,"Y",0,0,23.7,0.0190011476965564,1517
"1518",240591,"42_14",14,"DF",202,"PSME","Douglas-fir","DF",4,11.2,80,20,1,"Y",0,0,22.3,0.0190011476965564,1518
"1519",240591,"42_14",11,"DF",202,"PSME","Douglas-fir","DF",3,12.3,108,20,1,"Y",0,0,37.4,0.0190011476965564,1519
"1520",240591,"42_14",21,"RA",351,"ALRU","Red alder","RA",1,16.7,132,40,1,"Y",0,0,81,0.0190011476965564,1520
"1521",240591,"42_14",8,"DF",202,"PSME","Douglas-fir","DF",1,11.5,91,25,1,"Y",0,0,27.3,0.0190011476965564,1521
"1522",240591,"42_14",2,"RA",351,"ALRU","Red alder","RA",1,11,105,30,1,"Y",0,0,30.3,0.0190011476965564,1522
"1523",240591,"42_14",3,"DF",202,"PSME","Douglas-fir","DF",8,11,109,30,1,"Y",0,0,31,0.0190011476965564,1523
"1524",240591,"42_14",7,"DF",202,"PSME","Douglas-fir","DF",4,6.5,13,0,1,"N",3,0,1.6,0.0190011476965564,1524
"1525",240591,"42_14",18,"DF",202,"PSME","Douglas-fir","DF",4,5.6,43,0,1,"N",2,0,3.1,0.0190011476965564,1525
"1526",240591,"42_14",15,"DF",202,"PSME","Douglas-fir","DF",5,13.4,108,0,1,"N",1,0,43.7,0.0190011476965564,1526
"1527",240591,"42_14",20,"RA",351,"ALRU","Red alder","RA",5,17.5,102,45,1,"Y",0,0,75,0.0190011476965564,1527
"1528",240591,"42_14",23,"DF",202,"PSME","Douglas-fir","DF",2,14.3,12,0,2,"N",4,0,7.5,0.0190011476965564,1528
"1529",240591,"42_14",5,"DF",202,"PSME","Douglas-fir","DF",1,19,121,20,1,"Y",0,0,91.8,0.0190011476965564,1529
"1530",240591,"42_16",1,"WH",263,"TSHE","Western hemlock","WH",,1,8,,,"Y",,,0,1.97915684222666,1530
"1531",240591,"42_16",33,"DF",202,"PSME","Douglas-fir","DF",30,10.6,95,20,1,"Y",0,0,24.8,0.316665094756265,1531
"1532",240591,"42_16",28,"DF",202,"PSME","Douglas-fir","DF",32,6.3,75,15,1,"Y",0,0,7.3,0.316665094756265,1532
"1533",240591,"42_16",18,"DF",202,"PSME","Douglas-fir","DF",19,5.9,71,15,1,"Y",0,0,6.1,0.316665094756265,1533
"1534",240591,"42_16",42,"DF",202,"PSME","Douglas-fir","DF",12,5.7,72,15,1,"Y",0,0,5.8,0.316665094756265,1534
"1535",240591,"42_16",7,"DF",202,"PSME","Douglas-fir","DF",31,10.4,85,35,1,"Y",0,0,21.1,0.316665094756265,1535
"1536",240591,"42_16",9,"WH",263,"TSHE","Western hemlock","WH",32,9.4,57,40,1,"Y",0,0,11.6,0.316665094756265,1536
"1537",240591,"42_16",37,"DF",202,"PSME","Douglas-fir","DF",6,11.2,104,20,1,"Y",0,0,30.3,0.316665094756265,1537
"1538",240591,"42_16",15,"DF",202,"PSME","Douglas-fir","DF",7,9.4,89,20,1,"Y",0,0,18.5,0.316665094756265,1538
"1539",240591,"42_16",46,"DF",202,"PSME","Douglas-fir","DF",1,10,95,25,1,"Y",0,0,22.3,0.316665094756265,1539
"1540",240591,"42_16",17,"DF",202,"PSME","Douglas-fir","DF",19,6.4,79,20,1,"Y",0,0,8,0.316665094756265,1540
"1541",240591,"42_16",43,"WH",263,"TSHE","Western hemlock","WH",15,7.2,83,20,1,"Y",0,0,11.1,0.316665094756265,1541
"1542",240591,"42_16",50,"DF",202,"PSME","Douglas-fir","DF",28,6.8,54,40,1,"Y",0,0,5.7,0.316665094756265,1542
"1543",240591,"42_16",45,"DF",202,"PSME","Douglas-fir","DF",15,7.8,78,20,1,"Y",0,0,11.3,0.316665094756265,1543
"1544",240591,"42_16",16,"DF",202,"PSME","Douglas-fir","DF",9,9.9,75,35,1,"Y",0,0,16.6,0.316665094756265,1544
"1545",240591,"42_16",13,"DF",202,"PSME","Douglas-fir","DF",14,11.7,96,20,1,"Y",0,0,30,0.316665094756265,1545
"1546",240591,"42_16",47,"DF",202,"PSME","Douglas-fir","DF",7,6.8,46,0,2,"N",2,0,4.8,0.316665094756265,1546
"1547",240591,"42_16",23,"DF",202,"PSME","Douglas-fir","DF",45,8.1,79,15,1,"Y",0,0,12.3,0.316665094756265,1547
"1548",240591,"42_16",21,"DF",202,"PSME","Douglas-fir","DF",37,10.6,95,25,1,"Y",0,0,24.8,0.316665094756265,1548
"1549",240591,"42_16",24,"DF",202,"PSME","Douglas-fir","DF",45,8.3,88,20,1,"Y",0,0,14.6,0.316665094756265,1549
"1550",240591,"42_16",2,"DF",202,"PSME","Douglas-fir","DF",,1,15,,,"Y",,,0.1,1.97915684222666,1550
"1551",240591,"42_16",36,"DF",202,"PSME","Douglas-fir","DF",38,10.2,96,20,1,"Y",0,0,23.4,0.316665094756265,1551
"1552",240591,"42_16",2,"DF",202,"PSME","Douglas-fir","DF",37,5.5,51,15,1,"Y",0,0,3.6,0.316665094756265,1552
"1553",240591,"42_16",10,"DF",202,"PSME","Douglas-fir","DF",23,13.2,90,50,1,"Y",0,0,34.3,0.316665094756265,1553
"1554",240591,"42_16",11,"DF",202,"PSME","Douglas-fir","DF",22,7.8,57,35,1,"Y",0,0,7.8,0.316665094756265,1554
"1555",240591,"42_16",19,"DF",202,"PSME","Douglas-fir","DF",29,6.2,76,10,1,"Y",0,0,7.2,0.316665094756265,1555
"1556",240591,"42_16",40,"DF",202,"PSME","Douglas-fir","DF",5,8,93,15,1,"Y",0,0,14.6,0.316665094756265,1556
"1557",240591,"42_16",26,"DF",202,"PSME","Douglas-fir","DF",39,7.1,81,15,1,"Y",0,0,10,0.316665094756265,1557
"1558",240591,"42_16",32,"DF",202,"PSME","Douglas-fir","DF",57,7.4,89,20,1,"Y",0,0,12.1,0.316665094756265,1558
"1559",240591,"42_16",6,"DF",202,"PSME","Douglas-fir","DF",14,12.6,91,30,1,"Y",0,0,32.1,0.316665094756265,1559
"1560",240591,"42_16",14,"DF",202,"PSME","Douglas-fir","DF",4,6.7,78,15,1,"Y",0,0,8.6,0.316665094756265,1560
"1561",240591,"42_16",4,"DF",202,"PSME","Douglas-fir","DF",36,11.2,82,35,1,"Y",0,0,23,0.316665094756265,1561
"1562",240591,"42_16",8,"WH",263,"TSHE","Western hemlock","WH",54,7.2,26,40,1,"Y",0,0,3.3,0.316665094756265,1562
"1563",240591,"42_16",35,"DF",202,"PSME","Douglas-fir","DF",8,5.9,68,20,1,"Y",0,0,5.7,0.316665094756265,1563
"1564",240591,"42_16",49,"DF",202,"PSME","Douglas-fir","DF",28,11.7,93,40,1,"Y",0,0,28.9,0.316665094756265,1564
"1565",240591,"42_16",51,"DF",202,"PSME","Douglas-fir","DF",30,11.5,93,45,1,"Y",0,0,28,0.316665094756265,1565
"1566",240591,"42_16",3,"DF",202,"PSME","Douglas-fir","DF",37,9.2,64,35,1,"Y",0,0,12,0.316665094756265,1566
"1567",240591,"42_16",27,"WH",263,"TSHE","Western hemlock","WH",32,8.1,83,20,1,"Y",0,0,13.9,0.316665094756265,1567
"1568",240591,"42_16",39,"DF",202,"PSME","Douglas-fir","DF",6,6.7,82,15,1,"Y",0,0,9.1,0.316665094756265,1568
"1569",240591,"42_16",29,"DF",202,"PSME","Douglas-fir","DF",33,6.3,72,15,1,"Y",0,0,6.9,0.316665094756265,1569
"1570",240591,"42_16",1,"DF",202,"PSME","Douglas-fir","DF",38,11.9,65,20,3,"Y",0,0,19.3,0.316665094756265,1570
"1571",240591,"42_16",34,"DF",202,"PSME","Douglas-fir","DF",20,9.4,100,25,1,"Y",0,0,21.2,0.316665094756265,1571
"1572",240591,"42_16",25,"DF",202,"PSME","Douglas-fir","DF",43,7.9,93,15,1,"Y",0,0,14.3,0.316665094756265,1572
"1573",240591,"42_16",41,"DF",202,"PSME","Douglas-fir","DF",6,6.6,88,15,1,"Y",0,0,9.7,0.316665094756265,1573
"1574",240591,"42_16",48,"DF",202,"PSME","Douglas-fir","DF",14,7.8,78,15,1,"Y",0,0,11.3,0.316665094756265,1574
"1575",240591,"42_16",52,"DF",202,"PSME","Douglas-fir","DF",28,9.4,59,40,3,"Y",0,0,11.4,0.316665094756265,1575
"1576",240591,"42_16",38,"DF",202,"PSME","Douglas-fir","DF",1,6.6,75,20,1,"Y",0,0,8,0.316665094756265,1576
"1577",240591,"42_16",12,"DF",202,"PSME","Douglas-fir","DF",7,7.1,69,35,1,"Y",0,0,8.2,0.316665094756265,1577
"1578",240591,"42_16",30,"DF",202,"PSME","Douglas-fir","DF",36,7.6,82,15,1,"Y",0,0,11.4,0.316665094756265,1578
"1579",240591,"42_16",31,"WH",263,"TSHE","Western hemlock","WH",19,7.6,86,25,1,"Y",0,0,12.8,0.316665094756265,1579
"1580",240591,"42_16",5,"DF",202,"PSME","Douglas-fir","DF",49,8.1,43,35,1,"Y",0,0,6.2,0.316665094756265,1580
"1581",240591,"42_16",20,"DF",202,"PSME","Douglas-fir","DF",35,9,91,15,1,"Y",0,0,17.6,0.316665094756265,1581
"1582",240591,"42_16",2,"DF",202,"PSME","Douglas-fir","DF",,1,15,,,"Y",,,0.1,1.97915684222666,1582
"1583",240591,"42_16",22,"DF",202,"PSME","Douglas-fir","DF",41,11.9,99,20,1,"Y",0,0,32,0.316665094756265,1583
"1584",240591,"42_16",44,"DF",202,"PSME","Douglas-fir","DF",13,11.4,104,25,1,"Y",0,0,31.3,0.316665094756265,1584
"1585",240591,"42_20",3,"DF",202,"PSME","Douglas-fir","DF",95,7.8,45,75,1,"Y",0,0,6.1,0.0957857139284296,1585
"1586",240591,"42_20",2,"BM",312,"ACMA","Bigleaf maple","BM",94,6,26,50,1,"Y",0,0,3.6,0.0957857139284296,1586
"1587",240591,"42_20",5,"DF",202,"PSME","Douglas-fir","DF",67,10.3,83,30,1,"Y",0,0,20.1,0.0957857139284296,1587
"1588",240591,"42_20",6,"BM",312,"ACMA","Bigleaf maple","BM",50,6,41,40,1,"Y",0,0,4.6,0.0957857139284296,1588
"1589",240591,"42_20",1,"BM",312,"ACMA","Bigleaf maple","BM",94,7.4,34,35,1,"Y",0,0,6.7,0.0957857139284296,1589
"1590",240591,"42_20",4,"DF",202,"PSME","Douglas-fir","DF",37,17.1,95,85,1,"Y",0,0,56.9,0.0957857139284296,1590
"1591",240591,"43_22",3,"BM",312,"ACMA","Bigleaf maple","BM",109,12.7,72,45,3,"Y",0,0,34.1,0.0127670486935083,1591
"1592",240591,"43_22",2,"BM",312,"ACMA","Bigleaf maple","BM",94,39.3,77,75,1,"Y",0,0,437,0.0127670486935083,1592
"1593",240591,"43_22",1,"BM",312,"ACMA","Bigleaf maple","BM",93,21.6,80,70,1,"Y",0,0,118,0.0127670486935083,1593
"1594",240591,"43_22",1,"BM",312,"ACMA","Bigleaf maple","BM",,5,16,,,"Y",,,1.8,0.079794054334427,1594
"1595",240591,"43_22",2,"BM",312,"ACMA","Bigleaf maple","BM",,2,12,,,"Y",,,0.2,0.079794054334427,1595
"1596",240591,"51_01",1,"DF",202,"PSME","Douglas-fir","DF",60,9.4,78,25,1,"Y",0,0,15.8,0.00962730660276763,1596
"1597",240591,"51_01",18,"DF",202,"PSME","Douglas-fir","DF",71,6.9,62,30,1,"Y",0,0,6.8,0.00962730660276763,1597
"1598",240591,"51_01",19,"DF",202,"PSME","Douglas-fir","DF",42,19.7,111,40,1,"Y",0,0,87.8,0.00962730660276763,1598
"1599",240591,"51_01",5,"DF",202,"PSME","Douglas-fir","DF",88,8.6,84,30,1,"Y",0,0,14.7,0.00962730660276763,1599
"1600",240591,"51_01",27,"DF",202,"PSME","Douglas-fir","DF",37,16.6,115,35,1,"Y",0,0,68.5,0.00962730660276763,1600
"1601",240591,"51_01",1,"BM",312,"ACMA","Bigleaf maple","BM",,4,40,,,"Y",,,1.9,0.0601706662672977,1601
"1602",240591,"51_01",3,"DF",202,"PSME","Douglas-fir","DF",81,12.3,99,30,1,"Y",0,0,34,0.00962730660276763,1602
"1603",240591,"51_01",2,"BM",312,"ACMA","Bigleaf maple","BM",,3,29,,,"Y",,,0.8,0.0601706662672977,1603
"1604",240591,"51_01",8,"RC",242,"THPL","Western redcedar","RC",35,12.4,30,0,2,"N",3,0,14.2,0.00962730660276763,1604
"1605",240591,"51_01",4,"DF",202,"PSME","Douglas-fir","DF",83,11.2,89,30,1,"Y",0,0,25.4,0.00962730660276763,1605
"1606",240591,"51_01",11,"DF",202,"PSME","Douglas-fir","DF",6,12.6,91,35,1,"Y",0,0,32.1,0.00962730660276763,1606
"1607",240591,"51_01",1,"BM",312,"ACMA","Bigleaf maple","BM",,4,40,,,"Y",,,1.9,0.0601706662672977,1607
"1608",240591,"51_01",28,"DF",202,"PSME","Douglas-fir","DF",60,15.4,109,35,1,"Y",0,0,56.5,0.00962730660276763,1608
"1609",240591,"51_01",13,"DF",202,"PSME","Douglas-fir","DF",42,13,97,40,1,"Y",0,0,36.6,0.00962730660276763,1609
"1610",240591,"51_01",16,"DF",202,"PSME","Douglas-fir","DF",67,13.7,95,35,1,"Y",0,0,39.1,0.00962730660276763,1610
"1611",240591,"51_01",23,"DF",202,"PSME","Douglas-fir","DF",3,11.2,100,35,1,"Y",0,0,29,0.00962730660276763,1611
"1612",240591,"51_01",14,"DF",202,"PSME","Douglas-fir","DF",59,12.5,89,35,1,"Y",0,0,30.8,0.00962730660276763,1612
"1613",240591,"51_01",24,"BM",312,"ACMA","Bigleaf maple","BM",26,6.4,70,35,1,"Y",0,0,7.3,0.00962730660276763,1613
"1614",240591,"51_01",20,"DF",202,"PSME","Douglas-fir","DF",29,11.1,97,30,1,"Y",0,0,27.6,0.00962730660276763,1614
"1615",240591,"51_01",2,"BM",312,"ACMA","Bigleaf maple","BM",,3,29,,,"Y",,,0.8,0.0601706662672977,1615
"1616",240591,"51_01",15,"DF",202,"PSME","Douglas-fir","DF",74,13.3,92,45,1,"Y",0,0,35.7,0.00962730660276763,1616
"1617",240591,"51_01",26,"DF",202,"PSME","Douglas-fir","DF",22,8.5,93,30,1,"Y",0,0,16.3,0.00962730660276763,1617
"1618",240591,"51_01",12,"DF",202,"PSME","Douglas-fir","DF",12,13.7,88,55,1,"Y",0,0,35.5,0.00962730660276763,1618
"1619",240591,"51_01",2,"DF",202,"PSME","Douglas-fir","DF",74,12.5,108,25,1,"Y",0,0,38.5,0.00962730660276763,1619
"1620",240591,"51_01",6,"DF",202,"PSME","Douglas-fir","DF",85,14.9,99,45,1,"Y",0,0,47.5,0.00962730660276763,1620
"1621",240591,"51_01",10,"DF",202,"PSME","Douglas-fir","DF",16,15.8,92,40,1,"Y",0,0,47.8,0.00962730660276763,1621
"1622",240591,"51_01",22,"DF",202,"PSME","Douglas-fir","DF",6,12.4,95,30,1,"Y",0,0,32.9,0.00962730660276763,1622
"1623",240591,"51_01",21,"DF",202,"PSME","Douglas-fir","DF",12,14.9,106,35,1,"Y",0,0,51.6,0.00962730660276763,1623
"1624",240591,"51_01",17,"DF",202,"PSME","Douglas-fir","DF",72,13,87,35,1,"Y",0,0,32,0.00962730660276763,1624
"1625",240591,"51_01",9,"DF",202,"PSME","Douglas-fir","DF",40,16.4,102,45,1,"Y",0,0,58,0.00962730660276763,1625
"1626",240591,"51_01",7,"DF",202,"PSME","Douglas-fir","DF",67,7.7,76,25,1,"Y",0,0,10.7,0.00962730660276763,1626
"1627",240591,"51_01",25,"DF",202,"PSME","Douglas-fir","DF",18,13.9,109,40,1,"Y",0,0,47.1,0.00962730660276763,1627
"1628",240591,"51_10",15,"DF",202,"PSME","Douglas-fir","DF",45,5.6,46,0,1,"N",2,0,3.3,0.00954241668130176,1628
"1629",240591,"51_10",1,"DF",202,"PSME","Douglas-fir","DF",60,13,95,30,1,"Y",0,0,35.7,0.00954241668130176,1629
"1630",240591,"51_10",14,"DF",202,"PSME","Douglas-fir","DF",52,5.7,44,0,2,"N",2,0,3.3,0.00954241668130176,1630
"1631",240591,"51_10",5,"RA",351,"ALRU","Red alder","RA",19,14.3,103,40,1,"Y",0,0,50.4,0.00954241668130176,1631
"1632",240591,"51_10",12,"RA",351,"ALRU","Red alder","RA",42,11.2,98,40,1,"Y",0,0,30.1,0.00954241668130176,1632
"1633",240591,"51_10",4,"RA",351,"ALRU","Red alder","RA",9,11.6,91,35,1,"Y",0,0,30.8,0.00954241668130176,1633
"1634",240591,"51_10",10,"RA",351,"ALRU","Red alder","RA",3,11.3,101,40,1,"Y",0,0,31.2,0.00954241668130176,1634
"1635",240591,"51_10",2,"RA",351,"ALRU","Red alder","RA",3,14.4,112,40,1,"Y",0,0,54,0.00954241668130176,1635
"1636",240591,"51_10",7,"RA",351,"ALRU","Red alder","RA",64,13.2,76,40,1,"Y",0,0,35.8,0.00954241668130176,1636
"1637",240591,"51_10",3,"RA",351,"ALRU","Red alder","RA",7,11.6,106,40,1,"Y",0,0,33.9,0.00954241668130176,1637
"1638",240591,"51_10",8,"RA",351,"ALRU","Red alder","RA",64,14.1,82,50,1,"Y",0,0,42.7,0.00954241668130176,1638
"1639",240591,"51_10",9,"RA",351,"ALRU","Red alder","RA",2,15.9,101,45,1,"Y",0,0,61.5,0.00954241668130176,1639
"1640",240591,"51_10",6,"RA",351,"ALRU","Red alder","RA",63,6.3,59,45,1,"Y",0,0,7.2,0.00954241668130176,1640
"1641",240591,"51_10",11,"RA",351,"ALRU","Red alder","RA",1,10.8,85,35,1,"Y",0,0,25.6,0.00954241668130176,1641
"1642",240591,"51_10",13,"DF",202,"PSME","Douglas-fir","DF",42,14,98,35,1,"Y",0,0,42.1,0.00954241668130176,1642
"1643",240591,"51_13",13,"DF",202,"PSME","Douglas-fir","DF",13,13.3,94,30,1,"Y",0,0,36.6,0.00946867312098336,1643
"1644",240591,"51_13",19,"DF",202,"PSME","Douglas-fir","DF",40,16.7,110,50,1,"Y",0,0,65.7,0.00946867312098336,1644
"1645",240591,"51_13",7,"DF",202,"PSME","Douglas-fir","DF",28,16.7,107,45,1,"Y",0,0,63.5,0.00946867312098336,1645
"1646",240591,"51_13",14,"DF",202,"PSME","Douglas-fir","DF",37,16.1,102,45,1,"Y",0,0,56.2,0.00946867312098336,1646
"1647",240591,"51_13",8,"DF",202,"PSME","Douglas-fir","DF",28,16.3,111,40,1,"Y",0,0,63.7,0.00946867312098336,1647
"1648",240591,"51_13",3,"DF",202,"PSME","Douglas-fir","DF",76,16.8,97,40,1,"Y",0,0,56.7,0.00946867312098336,1648
"1649",240591,"51_13",1,"DF",202,"PSME","Douglas-fir","DF",100,13.7,101,25,1,"Y",0,0,42.1,0.00946867312098336,1649
"1650",240591,"51_13",17,"DF",202,"PSME","Douglas-fir","DF",61,17.1,108,45,1,"Y",0,0,66.8,0.00946867312098336,1650
"1651",240591,"51_13",26,"DF",202,"PSME","Douglas-fir","DF",87,11.4,81,40,1,"Y",0,0,23.3,0.00946867312098336,1651
"1652",240591,"51_13",21,"DF",202,"PSME","Douglas-fir","DF",33,12.2,103,50,1,"Y",0,0,35,0.00946867312098336,1652
"1653",240591,"51_13",20,"DF",202,"PSME","Douglas-fir","DF",41,20.3,102,55,1,"Y",0,0,82.9,0.00946867312098336,1653
"1654",240591,"51_13",16,"DF",202,"PSME","Douglas-fir","DF",59,12.6,83,60,1,"Y",0,0,28.6,0.00946867312098336,1654
"1655",240591,"51_13",22,"DF",202,"PSME","Douglas-fir","DF",19,14.7,93,45,1,"Y",0,0,42.9,0.00946867312098336,1655
"1656",240591,"51_13",10,"DF",202,"PSME","Douglas-fir","DF",2,14,95,30,1,"Y",0,0,40.5,0.00946867312098336,1656
"1657",240591,"51_13",2,"DF",202,"PSME","Douglas-fir","DF",79,14.9,101,35,1,"Y",0,0,48.7,0.00946867312098336,1657
"1658",240591,"51_13",5,"DF",202,"PSME","Douglas-fir","DF",65,10.2,85,25,1,"Y",0,0,20.3,0.00946867312098336,1658
"1659",240591,"51_13",6,"DF",202,"PSME","Douglas-fir","DF",56,8.1,76,20,1,"Y",0,0,11.7,0.00946867312098336,1659
"1660",240591,"51_13",4,"DF",202,"PSME","Douglas-fir","DF",62,15,96,45,1,"Y",0,0,46.2,0.00946867312098336,1660
"1661",240591,"51_13",9,"DF",202,"PSME","Douglas-fir","DF",20,11,95,30,1,"Y",0,0,26.5,0.00946867312098336,1661
"1662",240591,"51_13",23,"DF",202,"PSME","Douglas-fir","DF",62,15.8,93,65,1,"Y",0,0,48.5,0.00946867312098336,1662
"1663",240591,"51_13",15,"DF",202,"PSME","Douglas-fir","DF",37,20.5,109,50,1,"Y",0,0,91.7,0.00946867312098336,1663
"1664",240591,"51_13",27,"DF",202,"PSME","Douglas-fir","DF",89,14.5,99,35,1,"Y",0,0,45.3,0.00946867312098336,1664
"1665",240591,"51_13",12,"DF",202,"PSME","Douglas-fir","DF",8,14.9,108,45,1,"Y",0,0,52.8,0.00946867312098336,1665
"1666",240591,"51_13",18,"DF",202,"PSME","Douglas-fir","DF",36,6.9,59,0,1,"N",1,0,6.5,0.00946867312098336,1666
"1667",240591,"51_13",11,"DF",202,"PSME","Douglas-fir","DF",13,12.8,91,25,1,"Y",0,0,33,0.00946867312098336,1667
"1668",240591,"51_13",24,"DF",202,"PSME","Douglas-fir","DF",84,15.5,97,40,1,"Y",0,0,49.5,0.00946867312098336,1668
"1669",240591,"51_13",25,"DF",202,"PSME","Douglas-fir","DF",79,8.8,60,30,1,"Y",0,0,10.3,0.00946867312098336,1669
"1670",240591,"51_15",3,"DF",202,"PSME","Douglas-fir","DF",35,21.6,106,45,1,"Y",0,0,96.5,0.0190848851031176,1670
"1671",240591,"51_15",15,"DF",202,"PSME","Douglas-fir","DF",86,14.2,103,30,1,"Y",0,0,45.9,0.0190848851031176,1671
"1672",240591,"51_15",4,"DF",202,"PSME","Douglas-fir","DF",93,20.9,109,45,1,"Y",0,0,94.7,0.0190848851031176,1672
"1673",240591,"51_15",8,"DF",202,"PSME","Douglas-fir","DF",21,17,102,30,1,"Y",0,0,61.6,0.0190848851031176,1673
"1674",240591,"51_15",12,"BM",312,"ACMA","Bigleaf maple","BM",32,7.1,63,35,1,"Y",0,0,8.7,0.0190848851031176,1674
"1675",240591,"51_15",5,"DF",202,"PSME","Douglas-fir","DF",54,20.7,104,40,1,"Y",0,0,87.8,0.0190848851031176,1675
"1676",240591,"51_15",18,"DF",202,"PSME","Douglas-fir","DF",57,13.2,98,45,1,"Y",0,0,38.1,0.0190848851031176,1676
"1677",240591,"51_15",17,"DF",202,"PSME","Douglas-fir","DF",63,22.5,116,40,1,"Y",0,0,115.8,0.0190848851031176,1677
"1678",240591,"51_15",1,"DF",202,"PSME","Douglas-fir","DF",26,15,109,35,1,"Y",0,0,54,0.0190848851031176,1678
"1679",240591,"51_15",7,"DF",202,"PSME","Douglas-fir","DF",61,21.3,105,30,1,"Y",0,0,93.2,0.0190848851031176,1679
"1680",240591,"51_15",16,"DF",202,"PSME","Douglas-fir","DF",81,20.9,120,55,1,"Y",0,0,106.9,0.0190848851031176,1680
"1681",240591,"51_15",1,"RA",351,"ALRU","Red alder","RA",,4,49,,,"Y",,,2.6,0.119280531894485,1681
"1682",240591,"51_15",9,"DF",202,"PSME","Douglas-fir","DF",37,23.7,108,45,1,"Y",0,0,115.2,0.0190848851031176,1682
"1683",240591,"51_15",11,"BM",312,"ACMA","Bigleaf maple","BM",17,7.1,63,35,1,"Y",0,0,8.7,0.0190848851031176,1683
"1684",240591,"51_15",14,"DF",202,"PSME","Douglas-fir","DF",71,17.4,106,40,1,"Y",0,0,67.2,0.0190848851031176,1684
"1685",240591,"51_15",10,"DF",202,"PSME","Douglas-fir","DF",9,17.9,110,35,1,"Y",0,0,73.9,0.0190848851031176,1685
"1686",240591,"51_15",13,"DF",202,"PSME","Douglas-fir","DF",64,11.6,94,30,1,"Y",0,0,28.8,0.0190848851031176,1686
"1687",240591,"51_15",6,"DF",202,"PSME","Douglas-fir","DF",54,7.7,80,25,1,"Y",0,0,11.4,0.0190848851031176,1687
"1688",240591,"51_15",2,"DF",202,"PSME","Douglas-fir","DF",4,18.8,114,35,1,"Y",0,0,83.9,0.0190848851031176,1688
"1689",240591,"51_16",18,"BM",312,"ACMA","Bigleaf maple","BM",43,9.3,49,30,1,"Y",0,0,13.6,0.0191363515502226,1689
"1690",240591,"51_16",17,"BM",312,"ACMA","Bigleaf maple","BM",40,6.7,38,35,1,"Y",0,0,5.7,0.0191363515502226,1690
"1691",240591,"51_16",13,"DF",202,"PSME","Douglas-fir","DF",1,17.1,102,40,1,"Y",0,0,62.2,0.0191363515502226,1691
"1692",240591,"51_16",22,"BM",312,"ACMA","Bigleaf maple","BM",67,8.9,61,40,1,"Y",0,0,14,0.0191363515502226,1692
"1693",240591,"51_16",19,"BM",312,"ACMA","Bigleaf maple","BM",41,12.6,62,35,1,"Y",0,0,30.7,0.0191363515502226,1693
"1694",240591,"51_16",14,"DF",202,"PSME","Douglas-fir","DF",16,11.8,88,30,1,"Y",0,0,27.5,0.0191363515502226,1694
"1695",240591,"51_16",7,"BM",312,"ACMA","Bigleaf maple","BM",14,8.2,68,35,1,"Y",0,0,12.5,0.0191363515502226,1695
"1696",240591,"51_16",10,"DF",202,"PSME","Douglas-fir","DF",78,23.3,134,50,1,"Y",0,0,146,0.0191363515502226,1696
"1697",240591,"51_16",9,"RA",351,"ALRU","Red alder","RA",83,16,82,55,1,"Y",0,0,54.9,0.0191363515502226,1697
"1698",240591,"51_16",1,"BM",312,"ACMA","Bigleaf maple","BM",,5,40,,,"Y",,,3.1,0.119602197188891,1698
"1699",240591,"51_16",1,"BM",312,"ACMA","Bigleaf maple","BM",,5,40,,,"Y",,,3.1,0.119602197188891,1699
"1700",240591,"51_16",5,"BM",312,"ACMA","Bigleaf maple","BM",25,8.4,78,40,1,"Y",0,0,14.2,0.0191363515502226,1700
"1701",240591,"51_16",12,"DF",202,"PSME","Douglas-fir","DF",9,12.2,97,30,1,"Y",0,0,32.7,0.0191363515502226,1701
"1702",240591,"51_16",2,"BM",312,"ACMA","Bigleaf maple","BM",61,9.4,55,40,1,"Y",0,0,14.9,0.0191363515502226,1702
"1703",240591,"51_16",4,"BM",312,"ACMA","Bigleaf maple","BM",17,12.2,65,40,1,"Y",0,0,29.4,0.0191363515502226,1703
"1704",240591,"51_16",11,"RA",351,"ALRU","Red alder","RA",77,9.6,83,50,1,"Y",0,0,20,0.0191363515502226,1704
"1705",240591,"51_16",8,"BM",312,"ACMA","Bigleaf maple","BM",55,8.3,66,40,1,"Y",0,0,12.6,0.0191363515502226,1705
"1706",240591,"51_16",20,"DF",202,"PSME","Douglas-fir","DF",67,6.1,57,0,1,"N",2,0,5,0.0191363515502226,1706
"1707",240591,"51_16",15,"BM",312,"ACMA","Bigleaf maple","BM",36,6.2,52,40,1,"Y",0,0,5.7,0.0191363515502226,1707
"1708",240591,"51_16",6,"BM",312,"ACMA","Bigleaf maple","BM",2,7.7,67,35,1,"Y",0,0,10.7,0.0191363515502226,1708
"1709",240591,"51_16",21,"DF",202,"PSME","Douglas-fir","DF",88,25.9,106,55,1,"Y",0,0,129.9,0.0191363515502226,1709
"1710",240591,"51_16",16,"BM",312,"ACMA","Bigleaf maple","BM",39,5.5,36,35,1,"Y",0,0,3.6,0.0191363515502226,1710
"1711",240591,"51_16",1,"BM",312,"ACMA","Bigleaf maple","BM",67,7.1,56,35,1,"Y",0,0,8.1,0.0191363515502226,1711
"1712",240591,"51_16",3,"RA",351,"ALRU","Red alder","RA",3,9.5,77,40,1,"Y",0,0,18.8,0.0191363515502226,1712
"1713",240591,"51_23",3,"BM",312,"ACMA","Bigleaf maple","BM",48,10.4,65,40,1,"Y",0,0,20.6,0.00955678338990385,1713
"1714",240591,"51_23",1,"DF",202,"PSME","Douglas-fir","DF",43,8.1,55,0,1,"N",1,0,8.1,0.00955678338990385,1714
"1715",240591,"51_23",7,"DF",202,"PSME","Douglas-fir","DF",47,7.7,63,30,1,"Y",0,0,8.5,0.00955678338990385,1715
"1716",240591,"51_23",28,"DF",202,"PSME","Douglas-fir","DF",10,15,97,40,1,"Y",0,0,46.8,0.00955678338990385,1716
"1717",240591,"51_23",14,"BM",312,"ACMA","Bigleaf maple","BM",21,5.5,28,0,1,"N",3,0,3.1,0.00955678338990385,1717
"1718",240591,"51_23",30,"DF",202,"PSME","Douglas-fir","DF",17,18.8,106,35,1,"Y",0,0,76.6,0.00955678338990385,1718
"1719",240591,"51_23",15,"BM",312,"ACMA","Bigleaf maple","BM",44,11.5,55,0,1,"N",3,0,23.4,0.00955678338990385,1719
"1720",240591,"51_23",10,"DF",202,"PSME","Douglas-fir","DF",34,9.6,74,35,1,"Y",0,0,15.4,0.00955678338990385,1720
"1721",240591,"51_23",27,"DF",202,"PSME","Douglas-fir","DF",3,18.4,104,45,1,"Y",0,0,72.1,0.00955678338990385,1721
"1722",240591,"51_23",22,"DF",202,"PSME","Douglas-fir","DF",39,12,100,40,1,"Y",0,0,32.9,0.00955678338990385,1722
"1723",240591,"51_23",35,"DF",202,"PSME","Douglas-fir","DF",17,12.5,95,30,1,"Y",0,0,33.3,0.00955678338990385,1723
"1724",240591,"51_23",34,"DF",202,"PSME","Douglas-fir","DF",35,10.3,85,30,1,"Y",0,0,20.7,0.00955678338990385,1724
"1725",240591,"51_23",6,"CH",760,"PRUNU","Cherry","OtherBroadLeaved",37,8.3,77,45,1,"Y",0,0,15.7,0.00955678338990385,1725
"1726",240591,"51_23",12,"DF",202,"PSME","Douglas-fir","DF",20,9.7,74,45,1,"Y",0,0,15.7,0.00955678338990385,1726
"1727",240591,"51_23",23,"DF",202,"PSME","Douglas-fir","DF",30,15.6,104,45,1,"Y",0,0,54.6,0.00955678338990385,1727
"1728",240591,"51_23",9,"DF",202,"PSME","Douglas-fir","DF",38,6.2,46,30,1,"Y",0,0,4,0.00955678338990385,1728
"1729",240591,"51_23",4,"BM",312,"ACMA","Bigleaf maple","BM",47,12.3,55,0,1,"N",3,0,27.2,0.00955678338990385,1729
"1730",240591,"51_23",26,"DF",202,"PSME","Douglas-fir","DF",8,13.9,96,40,1,"Y",0,0,40.6,0.00955678338990385,1730
"1731",240591,"51_23",8,"DF",202,"PSME","Douglas-fir","DF",47,15.3,96,45,1,"Y",0,0,47.8,0.00955678338990385,1731
"1732",240591,"51_23",13,"DF",202,"PSME","Douglas-fir","DF",33,15.9,103,40,1,"Y",0,0,55.7,0.00955678338990385,1732
"1733",240591,"51_23",16,"BM",312,"ACMA","Bigleaf maple","BM",49,6.4,48,0,1,"N",3,0,5.9,0.00955678338990385,1733
"1734",240591,"51_23",32,"DF",202,"PSME","Douglas-fir","DF",30,14.9,98,30,1,"Y",0,0,46.9,0.00955678338990385,1734
"1735",240591,"51_23",36,"DF",202,"PSME","Douglas-fir","DF",41,9.8,88,35,1,"Y",0,0,19.7,0.00955678338990385,1735
"1736",240591,"51_23",2,"BM",312,"ACMA","Bigleaf maple","BM",48,13.3,67,40,1,"Y",0,0,36.2,0.00955678338990385,1736
"1737",240591,"51_23",17,"DF",202,"PSME","Douglas-fir","DF",15,11.1,93,45,1,"Y",0,0,26.3,0.00955678338990385,1737
"1738",240591,"51_23",1,"DF",202,"PSME","Douglas-fir","DF",,5,38,,,"Y",,,2.2,0.059729896186899,1738
"1739",240591,"51_23",24,"DF",202,"PSME","Douglas-fir","DF",16,19.5,104,45,1,"Y",0,0,79.5,0.00955678338990385,1739
"1740",240591,"51_23",20,"DF",202,"PSME","Douglas-fir","DF",36,14,97,45,1,"Y",0,0,41.6,0.00955678338990385,1740
"1741",240591,"51_23",19,"DF",202,"PSME","Douglas-fir","DF",34,15.7,101,45,1,"Y",0,0,53.2,0.00955678338990385,1741
"1742",240591,"51_23",31,"DF",202,"PSME","Douglas-fir","DF",21,7.1,81,15,1,"Y",0,0,10,0.00955678338990385,1742
"1743",240591,"51_23",18,"DF",202,"PSME","Douglas-fir","DF",23,17.9,112,45,1,"Y",0,0,75.5,0.00955678338990385,1743
"1744",240591,"51_23",5,"DF",202,"PSME","Douglas-fir","DF",50,23.2,120,40,1,"Y",0,0,127.2,0.00955678338990385,1744
"1745",240591,"51_23",11,"DF",202,"PSME","Douglas-fir","DF",32,6.7,51,30,1,"Y",0,0,5.2,0.00955678338990385,1745
"1746",240591,"51_23",33,"DF",202,"PSME","Douglas-fir","DF",32,6,69,20,1,"Y",0,0,6,0.00955678338990385,1746
"1747",240591,"51_23",21,"DF",202,"PSME","Douglas-fir","DF",44,6.3,68,20,1,"Y",0,0,6.5,0.00955678338990385,1747
"1748",240591,"51_23",25,"DF",202,"PSME","Douglas-fir","DF",9,12.9,93,40,1,"Y",0,0,34.3,0.00955678338990385,1748
"1749",240591,"51_23",29,"DF",202,"PSME","Douglas-fir","DF",9,14.4,94,40,1,"Y",0,0,42,0.00955678338990385,1749
"1750",240591,"52_10",1,"BM",312,"ACMA","Bigleaf maple","BM",78,34.1,65,75,1,"Y",0,0,289.1,0.00953645064669628,1750
"1751",240591,"52_10",3,"BM",312,"ACMA","Bigleaf maple","BM",78,13.3,61,45,1,"Y",0,0,34.3,0.00953645064669628,1751
"1752",240591,"52_10",11,"TO",631,"LIDE3","Tanoak","TO",34,5.8,27,45,1,"Y",0,0,3.1,0.00953645064669628,1752
"1753",240591,"52_10",4,"DF",202,"PSME","Douglas-fir","DF",20,9.1,68,30,1,"Y",0,0,12.7,0.00953645064669628,1753
"1754",240591,"52_10",7,"RA",351,"ALRU","Red alder","RA",25,12,55,30,1,"Y",0,0,24.9,0.00953645064669628,1754
"1755",240591,"52_10",6,"RA",351,"ALRU","Red alder","RA",20,11.2,100,30,1,"Y",0,0,30.4,0.00953645064669628,1755
"1756",240591,"52_10",2,"BM",312,"ACMA","Bigleaf maple","BM",82,7.6,29,35,1,"Y",0,0,6.4,0.00953645064669628,1756
"1757",240591,"52_10",8,"BM",312,"ACMA","Bigleaf maple","BM",47,7.3,67,30,1,"Y",0,0,9.5,0.00953645064669628,1757
"1758",240591,"52_10",5,"RA",351,"ALRU","Red alder","RA",21,9.8,100,30,1,"Y",0,0,23.4,0.00953645064669628,1758
"1759",240591,"52_10",10,"RA",351,"ALRU","Red alder","RA",61,24.5,112,40,1,"Y",0,0,155.9,0.00953645064669628,1759
"1760",240591,"52_10",9,"BM",312,"ACMA","Bigleaf maple","BM",47,7.6,61,25,1,"Y",0,0,9.9,0.00953645064669628,1760
"1761",240591,"63_13",12,"DF",202,"PSME","Douglas-fir","DF",33,8.3,52,80,1,"Y",0,0,7.9,0.00963219977147183,1761
"1762",240591,"63_13",1,"TO",631,"LIDE3","Tanoak","TO",,1,15,,,"Y",,,0.1,0.0602012485716989,1762
"1763",240591,"63_13",1,"TO",631,"LIDE3","Tanoak","TO",,1,15,,,"Y",,,0.1,0.0602012485716989,1763
"1764",240591,"63_13",1,"TO",631,"LIDE3","Tanoak","TO",,1,15,,,"Y",,,0.1,0.0602012485716989,1764
"1765",240591,"63_13",1,"TO",631,"LIDE3","Tanoak","TO",,1,15,,,"Y",,,0.1,0.0602012485716989,1765
"1766",240591,"63_13",5,"DF",202,"PSME","Douglas-fir","DF",,1,7,,,"Y",,,0,0.0602012485716989,1766
"1767",240591,"63_13",1,"TO",631,"LIDE3","Tanoak","TO",,1,15,,,"Y",,,0.1,0.0602012485716989,1767
"1768",240591,"63_13",1,"TO",631,"LIDE3","Tanoak","TO",,1,15,,,"Y",,,0.1,0.0602012485716989,1768
"1769",240591,"63_13",1,"TO",631,"LIDE3","Tanoak","TO",,1,15,,,"Y",,,0.1,0.0602012485716989,1769
"1770",240591,"63_13",1,"TO",631,"LIDE3","Tanoak","TO",,1,15,,,"Y",,,0.1,0.0602012485716989,1770
"1771",240591,"63_13",4,"GF",17,"ABGR","Grand fir","GF",,1,8,,,"Y",,,0,0.0602012485716989,1771
"1772",240591,"63_13",7,"DF",202,"PSME","Douglas-fir","DF",5,10.1,55,70,1,"Y",0,0,12,0.00963219977147183,1772
"1773",240591,"63_13",8,"DF",202,"PSME","Douglas-fir","DF",4,11,56,55,1,"Y",0,0,14.2,0.00963219977147183,1773
"1774",240591,"63_13",3,"TO",631,"LIDE3","Tanoak","TO",,2,18,,,"Y",,,0.3,0.0602012485716989,1774
"1775",240591,"63_13",5,"DF",202,"PSME","Douglas-fir","DF",,1,7,,,"Y",,,0,0.0602012485716989,1775
"1776",240591,"63_13",1,"TO",631,"LIDE3","Tanoak","TO",37,6.9,34,55,1,"Y",0,0,5.3,0.00963219977147183,1776
"1777",240591,"63_13",9,"DF",202,"PSME","Douglas-fir","DF",22,8.9,51,50,1,"Y",0,0,8.8,0.00963219977147183,1777
"1778",240591,"63_13",5,"DF",202,"PSME","Douglas-fir","DF",,1,7,,,"Y",,,0,0.0602012485716989,1778
"1779",240591,"63_13",1,"TO",631,"LIDE3","Tanoak","TO",,1,15,,,"Y",,,0.1,0.0602012485716989,1779
"1780",240591,"63_13",1,"TO",631,"LIDE3","Tanoak","TO",,1,15,,,"Y",,,0.1,0.0602012485716989,1780
"1781",240591,"63_13",1,"TO",631,"LIDE3","Tanoak","TO",,1,15,,,"Y",,,0.1,0.0602012485716989,1781
"1782",240591,"63_13",3,"TO",631,"LIDE3","Tanoak","TO",,2,18,,,"Y",,,0.3,0.0602012485716989,1782
"1783",240591,"63_13",4,"GF",17,"ABGR","Grand fir","GF",,1,8,,,"Y",,,0,0.0602012485716989,1783
"1784",240591,"63_13",4,"GF",17,"ABGR","Grand fir","GF",,1,8,,,"Y",,,0,0.0602012485716989,1784
"1785",240591,"63_13",5,"DF",202,"PSME","Douglas-fir","DF",,1,7,,,"Y",,,0,0.0602012485716989,1785
"1786",240591,"63_13",2,"DF",202,"PSME","Douglas-fir","DF",27,10.1,60,50,1,"Y",0,0,13.2,0.00963219977147183,1786
"1787",240591,"63_13",15,"DF",202,"PSME","Douglas-fir","DF",3,28.7,154,40,1,"Y",0,0,235.8,0.00963219977147183,1787
"1788",240591,"63_13",10,"DF",202,"PSME","Douglas-fir","DF",46,6.2,40,40,1,"Y",0,0,3.5,0.00963219977147183,1788
"1789",240591,"63_13",2,"TO",631,"LIDE3","Tanoak","TO",,3,22,,,"Y",,,0.7,0.0602012485716989,1789
"1790",240591,"63_13",5,"DF",202,"PSME","Douglas-fir","DF",,1,7,,,"Y",,,0,0.0602012485716989,1790
"1791",240591,"63_13",1,"TO",631,"LIDE3","Tanoak","TO",,1,15,,,"Y",,,0.1,0.0602012485716989,1791
"1792",240591,"63_13",16,"GF",17,"ABGR","Grand fir","GF",14,19,98,60,3,"Y",0,0,95.1,0.00963219977147183,1792
"1793",240591,"63_13",6,"DF",202,"PSME","Douglas-fir","DF",6,9.4,60,55,1,"Y",0,0,11.6,0.00963219977147183,1793
"1794",240591,"63_13",14,"TO",631,"LIDE3","Tanoak","TO",15,8.6,51,80,1,"Y",0,0,11.5,0.00963219977147183,1794
"1795",240591,"63_13",1,"TO",631,"LIDE3","Tanoak","TO",,1,15,,,"Y",,,0.1,0.0602012485716989,1795
"1796",240591,"63_13",4,"DF",202,"PSME","Douglas-fir","DF",21,8.2,54,70,1,"Y",0,0,8.1,0.00963219977147183,1796
"1797",240591,"63_13",5,"DF",202,"PSME","Douglas-fir","DF",,1,7,,,"Y",,,0,0.0602012485716989,1797
"1798",240591,"63_13",1,"TO",631,"LIDE3","Tanoak","TO",,1,15,,,"Y",,,0.1,0.0602012485716989,1798
"1799",240591,"63_13",1,"TO",631,"LIDE3","Tanoak","TO",,1,15,,,"Y",,,0.1,0.0602012485716989,1799
"1800",240591,"63_13",11,"DF",202,"PSME","Douglas-fir","DF",27,8,50,50,1,"Y",0,0,7.1,0.00963219977147183,1800
"1801",240591,"63_13",5,"DF",202,"PSME","Douglas-fir","DF",10,12.3,60,70,1,"Y",0,0,18.7,0.00963219977147183,1801
"1802",240591,"63_13",19,"GF",17,"ABGR","Grand fir","GF",20,20.3,101,75,1,"Y",0,0,110.8,0.00963219977147183,1802
"1803",240591,"63_13",3,"DF",202,"PSME","Douglas-fir","DF",18,9.5,54,65,1,"Y",0,0,10.5,0.00963219977147183,1803
"1804",240591,"63_13",18,"DF",202,"PSME","Douglas-fir","DF",13,39.1,186,65,1,"Y",0,0,491.1,0.00963219977147183,1804
"1805",240591,"63_13",3,"TO",631,"LIDE3","Tanoak","TO",,2,18,,,"Y",,,0.3,0.0602012485716989,1805
"1806",240591,"63_13",13,"TO",631,"LIDE3","Tanoak","TO",11,12.3,51,70,1,"Y",0,0,23.1,0.00963219977147183,1806
"1807",240591,"63_13",5,"DF",202,"PSME","Douglas-fir","DF",,1,7,,,"Y",,,0,0.0602012485716989,1807
"1808",240591,"63_13",1,"TO",631,"LIDE3","Tanoak","TO",,1,15,,,"Y",,,0.1,0.0602012485716989,1808
"1809",240591,"63_13",1,"TO",631,"LIDE3","Tanoak","TO",,1,15,,,"Y",,,0.1,0.0602012485716989,1809
"1810",240591,"63_13",17,"DF",202,"PSME","Douglas-fir","DF",11,13.4,88,55,1,"Y",0,0,34.2,0.00963219977147183,1810
"1811",240591,"63_13",1,"TO",631,"LIDE3","Tanoak","TO",,1,15,,,"Y",,,0.1,0.0602012485716989,1811
"1812",240591,"72_10",9,"WH",263,"TSHE","Western hemlock","WH",15,16.5,80,55,1,"Y",0,0,47.3,0.0125406486848285,1812
"1813",240591,"72_10",3,"DF",202,"PSME","Douglas-fir","DF",,3,30,,,"Y",,,0.7,0.0783790542801783,1813
"1814",240591,"72_10",15,"DF",202,"PSME","Douglas-fir","DF",48,9.5,50,0,2,"N",3,0,9.7,0.0125406486848285,1814
"1815",240591,"72_10",8,"WH",263,"TSHE","Western hemlock","WH",36,11.4,76,50,1,"Y",0,0,23.4,0.0125406486848285,1815
"1816",240591,"72_10",14,"DF",202,"PSME","Douglas-fir","DF",55,41,199,40,1,"Y",0,0,572,0.0125406486848285,1816
"1817",240591,"72_10",3,"DF",202,"PSME","Douglas-fir","DF",56,5.7,42,55,1,"Y",0,0,3.1,0.0125406486848285,1817
"1818",240591,"72_10",1,"PC",41,"CHLA","Port-Orford-cedar","PC",20,10,83,80,3,"Y",0,0,23.8,0.0125406486848285,1818
"1819",240591,"72_10",12,"DF",202,"PSME","Douglas-fir","DF",45,26.4,99,45,3,"Y",0,0,122.8,0.0125406486848285,1819
"1820",240591,"72_10",13,"DF",202,"PSME","Douglas-fir","DF",55,15.8,73,35,3,"Y",0,0,36.1,0.0125406486848285,1820
"1821",240591,"72_10",7,"DF",202,"PSME","Douglas-fir","DF",46,9.9,68,50,1,"Y",0,0,14.7,0.0125406486848285,1821
"1822",240591,"72_10",5,"DF",202,"PSME","Douglas-fir","DF",50,8.5,58,30,1,"Y",0,0,9.3,0.0125406486848285,1822
"1823",240591,"72_10",4,"WH",263,"TSHE","Western hemlock","WH",,4,30,,,"Y",,,1.1,0.0783790542801783,1823
"1824",240591,"72_10",1,"DF",202,"PSME","Douglas-fir","DF",,1,6,,,"Y",,,0,0.0783790542801783,1824
"1825",240591,"72_10",2,"PC",41,"CHLA","Port-Orford-cedar","PC",50,17.8,78,50,1,"Y",0,0,72.2,0.0125406486848285,1825
"1826",240591,"72_10",11,"PC",41,"CHLA","Port-Orford-cedar","PC",36,14.1,50,75,1,"Y",0,0,35.3,0.0125406486848285,1826
"1827",240591,"72_10",4,"DF",202,"PSME","Douglas-fir","DF",45,5.5,36,50,1,"Y",0,0,2.5,0.0125406486848285,1827
"1828",240591,"72_10",1,"DF",202,"PSME","Douglas-fir","DF",,1,6,,,"Y",,,0,0.0783790542801783,1828
"1829",240591,"72_10",1,"DF",202,"PSME","Douglas-fir","DF",,1,6,,,"Y",,,0,0.0783790542801783,1829
"1830",240591,"72_10",10,"WH",263,"TSHE","Western hemlock","WH",10,5.5,41,30,1,"Y",0,0,2.9,0.0125406486848285,1830
"1831",240591,"72_10",6,"DF",202,"PSME","Douglas-fir","DF",45,6,17,0,2,"N",2,0,2,0.0125406486848285,1831
"1832",240591,"93_09",8,"WH",263,"TSHE","Western hemlock","WH",35,6.3,41,0,2,"N",2,0,3.8,0.0126220000523427,1832
"1833",240591,"93_09",12,"WH",263,"TSHE","Western hemlock","WH",17,5.7,31,80,1,"Y",0,0,2.3,0.0126220000523427,1833
"1834",240591,"93_09",6,"WH",263,"TSHE","Western hemlock","WH",10,10.2,71,65,1,"Y",0,0,17.7,0.0126220000523427,1834
"1835",240591,"93_09",15,"WH",263,"TSHE","Western hemlock","WH",32,5.5,40,45,1,"Y",0,0,2.8,0.0126220000523427,1835
"1836",240591,"93_09",5,"DF",202,"PSME","Douglas-fir","DF",12,53.7,252,45,1,"Y",0,0,1092,0.0126220000523427,1836
"1837",240591,"93_09",4,"WH",263,"TSHE","Western hemlock","WH",13,11,76,45,1,"Y",0,0,22,0.0126220000523427,1837
"1838",240591,"93_09",14,"WH",263,"TSHE","Western hemlock","WH",15,17.3,93,65,1,"Y",0,0,61.5,0.0126220000523427,1838
"1839",240591,"93_09",1,"WH",263,"TSHE","Western hemlock","WH",36,11.2,86,35,1,"Y",0,0,26.3,0.0126220000523427,1839
"1840",240591,"93_09",2,"WH",263,"TSHE","Western hemlock","WH",28,5.7,54,35,1,"Y",0,0,4.4,0.0126220000523427,1840
"1841",240591,"93_09",3,"WH",263,"TSHE","Western hemlock","WH",24,5.8,54,30,1,"Y",0,0,4.6,0.0126220000523427,1841
"1842",240591,"93_09",13,"DF",202,"PSME","Douglas-fir","DF",5,38.2,31,0,2,"N",4,0,94.8,0.0126220000523427,1842
"1843",240591,"93_09",7,"WH",263,"TSHE","Western hemlock","WH",30,8.4,55,45,3,"Y",0,0,9.1,0.0126220000523427,1843
"1844",240591,"93_09",10,"DF",202,"PSME","Douglas-fir","DF",22,43.7,31,0,2,"N",4,0,122.2,0.0126220000523427,1844
"1845",240591,"93_09",11,"WH",263,"TSHE","Western hemlock","WH",30,31.2,143,65,1,"Y",0,0,271.6,0.0126220000523427,1845
"1846",240591,"93_09",9,"WH",263,"TSHE","Western hemlock","WH",36,9.3,54,75,3,"Y",0,0,10.7,0.0126220000523427,1846
"1847",240591,"102_19",1,"DF",202,"PSME","Douglas-fir","DF",,1,6,,,"Y",,,0,0.0795515780730071,1847
"1848",240591,"102_19",3,"DF",202,"PSME","Douglas-fir","DF",,5,29,,,"Y",,,1.8,0.0795515780730071,1848
"1849",240591,"102_19",3,"DF",202,"PSME","Douglas-fir","DF",,5,29,,,"Y",,,1.8,0.0795515780730071,1849
"1850",240591,"102_19",3,"DF",202,"PSME","Douglas-fir","DF",,5,29,,,"Y",,,1.8,0.0795515780730071,1850
"1851",240591,"102_19",2,"DF",202,"PSME","Douglas-fir","DF",,2,10,,,"Y",,,0.1,0.0795515780730071,1851
"1852",240591,"102_19",1,"DF",202,"PSME","Douglas-fir","DF",,1,6,,,"Y",,,0,0.0795515780730071,1852
"1853",240591,"102_19",2,"DF",202,"PSME","Douglas-fir","DF",36,53.4,197,45,1,"Y",0,0,845.4,0.0127282524916811,1853
"1854",240591,"102_19",1,"DF",202,"PSME","Douglas-fir","DF",6,57.3,192,65,1,"Y",0,0,889.7,0.0127282524916811,1854
"1855",240591,"102_19",3,"DF",202,"PSME","Douglas-fir","DF",,5,29,,,"Y",,,1.8,0.0795515780730071,1855
"1856",240591,"102_19",3,"DF",202,"PSME","Douglas-fir","DF",,5,29,,,"Y",,,1.8,0.0795515780730071,1856
"1857",240591,"102_26",2,"DF",202,"PSME","Douglas-fir","DF",23,42,73,0,2,"N",3,0,173.8,0.0262651270007162,1857
"1858",240591,"102_26",8,"WH",263,"TSHE","Western hemlock","WH",3,23,85,85,1,"Y",0,0,89.4,0.0262651270007162,1858
"1859",240591,"102_26",7,"DF",202,"PSME","Douglas-fir","DF",29,6.7,55,30,1,"Y",0,0,5.7,0.0262651270007162,1859
"1860",240591,"102_26",12,"DF",202,"PSME","Douglas-fir","DF",29,58.4,179,25,2,"Y",0,0,824.8,0.0262651270007162,1860
"1861",240591,"102_26",3,"OM",981,"UMCA","Oregon myrtle","OM",32,10.5,47,65,1,"Y",0,0,19.1,0.0262651270007162,1861
"1862",240591,"102_26",16,"DF",202,"PSME","Douglas-fir","DF",31,65.2,217,65,1,"Y",0,0,1180.2,0.0262651270007162,1862
"1863",240591,"102_26",14,"WH",263,"TSHE","Western hemlock","WH",34,14.5,99,50,1,"Y",0,0,48.8,0.0262651270007162,1863
"1864",240591,"102_26",9,"WH",263,"TSHE","Western hemlock","WH",21,15.3,80,45,1,"Y",0,0,41.6,0.0262651270007162,1864
"1865",240591,"102_26",19,"WH",263,"TSHE","Western hemlock","WH",25,12,97,60,1,"Y",0,0,34.1,0.0262651270007162,1865
"1866",240591,"102_26",15,"WH",263,"TSHE","Western hemlock","WH",29,20.4,108,50,1,"Y",0,0,96.9,0.0262651270007162,1866
"1867",240591,"102_26",21,"DF",202,"PSME","Douglas-fir","DF",2,49.7,235,30,1,"Y",0,0,917.6,0.0262651270007162,1867
"1868",240591,"102_26",6,"DF",202,"PSME","Douglas-fir","DF",26,6.3,38,20,1,"Y",0,0,3.5,0.0262651270007162,1868
"1869",240591,"102_26",2,"WH",263,"TSHE","Western hemlock","WH",,4,26,,,"Y",,,1,0.164157043754476,1869
"1870",240591,"102_26",5,"WH",263,"TSHE","Western hemlock","WH",9,8.9,69,40,1,"Y",0,0,13.4,0.0262651270007162,1870
"1871",240591,"102_26",1,"OM",981,"UMCA","Oregon myrtle","OM",,4,44,,,"Y",,,2.7,0.164157043754476,1871
"1872",240591,"102_26",10,"WH",263,"TSHE","Western hemlock","WH",29,12.6,90,40,1,"Y",0,0,34.2,0.0262651270007162,1872
"1873",240591,"102_26",13,"WH",263,"TSHE","Western hemlock","WH",32,16.2,134,60,1,"Y",0,0,82.3,0.0262651270007162,1873
"1874",240591,"102_26",4,"OM",981,"UMCA","Oregon myrtle","OM",30,11.9,40,70,1,"Y",0,0,22.8,0.0262651270007162,1874
"1875",240591,"102_26",11,"WH",263,"TSHE","Western hemlock","WH",30,7.4,56,70,1,"Y",0,0,7.4,0.0262651270007162,1875
"1876",240591,"102_26",1,"OM",981,"UMCA","Oregon myrtle","OM",28,12.6,44,40,1,"Y",0,0,26.6,0.0262651270007162,1876
"1877",240591,"102_26",20,"WH",263,"TSHE","Western hemlock","WH",14,13,86,65,1,"Y",0,0,34.2,0.0262651270007162,1877
"1878",240591,"102_26",18,"WH",263,"TSHE","Western hemlock","WH",28,12.5,98,45,1,"Y",0,0,37.1,0.0262651270007162,1878
"1879",240591,"102_26",17,"WH",263,"TSHE","Western hemlock","WH",26,20.5,134,70,1,"Y",0,0,124.6,0.0262651270007162,1879
