"","OI_KEY","Plot_ID","TREE_IN_PLOT","SPoriginal","Num.Code","NRCS.Code","Common.Name","SP_SWO","INC","DBH","THT","CR","TOP","LIVE","DECAY","NEST","VOLUME","perAcreArea_raster2","Tree_Id"
"1",264474,"31_28",24,"CH",760,"PRUNU","Cherry","OtherBroadLeaved",21,7.7,43,75,1,"Y",0,0,9.9,0.564983172883526,1
"2",264474,"31_28",20,"DF",202,"PSME","Douglas-fir","DF",54,10.7,69,65,1,"Y",0,0,17.1,0.564983172883526,2
"3",264474,"31_28",4,"DF",202,"PSME","Douglas-fir","DF",18,9.2,56,55,1,"Y",0,0,10.3,0.564983172883526,3
"4",264474,"31_28",5,"DF",202,"PSME","Douglas-fir","DF",6,7.9,59,65,1,"Y",0,0,8.3,0.564983172883526,4
"5",264474,"31_28",1,"DF",202,"PSME","Douglas-fir","DF",50,9.9,57,75,1,"Y",0,0,12,0.564983172883526,5
"6",264474,"31_28",16,"DF",202,"PSME","Douglas-fir","DF",53,10.7,59,70,1,"Y",0,0,14.3,0.564983172883526,6
"7",264474,"31_28",12,"DF",202,"PSME","Douglas-fir","DF",38,11,66,85,1,"Y",0,0,17.1,0.564983172883526,7
"8",264474,"31_28",1,"CH",760,"PRUNU","Cherry","OtherBroadLeaved",,2,28,,,"Y",,,0.3,3.53114483052204,8
"9",264474,"31_28",23,"DF",202,"PSME","Douglas-fir","DF",37,6.7,50,55,1,"Y",0,0,5.1,0.564983172883526,9
"10",264474,"31_28",2,"DF",202,"PSME","Douglas-fir","DF",45,12,63,75,1,"Y",0,0,18.9,0.564983172883526,10
"11",264474,"31_28",8,"DF",202,"PSME","Douglas-fir","DF",20,13.4,63,70,1,"Y",0,0,23,0.564983172883526,11
"12",264474,"31_28",19,"DF",202,"PSME","Douglas-fir","DF",54,11.3,70,55,1,"Y",0,0,19.2,0.564983172883526,12
"13",264474,"31_28",14,"DF",202,"PSME","Douglas-fir","DF",50,11.2,65,75,1,"Y",0,0,17.3,0.564983172883526,13
"14",264474,"31_28",22,"DF",202,"PSME","Douglas-fir","DF",28,9.2,58,65,1,"Y",0,0,10.7,0.564983172883526,14
"15",264474,"31_28",3,"DF",202,"PSME","Douglas-fir","DF",42,10.7,63,70,1,"Y",0,0,15.4,0.564983172883526,15
"16",264474,"31_28",6,"DF",202,"PSME","Douglas-fir","DF",7,11.8,61,75,1,"Y",0,0,17.7,0.564983172883526,16
"17",264474,"31_28",28,"DF",202,"PSME","Douglas-fir","DF",42,12.3,58,75,1,"Y",0,0,18.1,0.564983172883526,17
"18",264474,"31_28",25,"DF",202,"PSME","Douglas-fir","DF",8,9.8,52,85,1,"Y",0,0,10.7,0.564983172883526,18
"19",264474,"31_28",15,"DF",202,"PSME","Douglas-fir","DF",46,13.4,62,75,1,"Y",0,0,22.6,0.564983172883526,19
"20",264474,"31_28",7,"DF",202,"PSME","Douglas-fir","DF",20,11.8,60,75,1,"Y",0,0,17.4,0.564983172883526,20
"21",264474,"31_28",26,"DF",202,"PSME","Douglas-fir","DF",7,7.4,46,85,1,"Y",0,0,5.6,0.564983172883526,21
"22",264474,"31_28",17,"DF",202,"PSME","Douglas-fir","DF",58,12.6,61,60,1,"Y",0,0,19.9,0.564983172883526,22
"23",264474,"31_28",11,"DF",202,"PSME","Douglas-fir","DF",33,11.9,58,90,1,"Y",0,0,17,0.564983172883526,23
"24",264474,"31_28",18,"DF",202,"PSME","Douglas-fir","DF",51,11.6,59,75,1,"Y",0,0,16.5,0.564983172883526,24
"25",264474,"31_28",13,"DF",202,"PSME","Douglas-fir","DF",40,9.8,62,80,1,"Y",0,0,12.9,0.564983172883526,25
"26",264474,"31_28",10,"DF",202,"PSME","Douglas-fir","DF",26,13.1,64,85,1,"Y",0,0,22.4,0.564983172883526,26
"27",264474,"31_28",9,"DF",202,"PSME","Douglas-fir","DF",4,13.4,70,75,1,"Y",0,0,25.8,0.564983172883526,27
"28",264474,"31_28",21,"DF",202,"PSME","Douglas-fir","DF",49,11,68,60,1,"Y",0,0,17.7,0.564983172883526,28
"29",264474,"31_28",27,"DF",202,"PSME","Douglas-fir","DF",26,10.8,59,85,1,"Y",0,0,14.6,0.564983172883526,29
"30",264474,"32_13",4,"DF",202,"PSME","Douglas-fir","DF",12,12.8,79,40,1,"Y",0,0,27.6,1.15335297266052,30
"31",264474,"32_13",33,"OM",981,"UMCA","Oregon myrtle","OM",14,5.5,52,25,1,"Y",0,0,5.6,1.15335297266052,31
"32",264474,"32_13",27,"DF",202,"PSME","Douglas-fir","DF",8,14.9,89,55,1,"Y",0,0,41.5,1.15335297266052,32
"33",264474,"32_13",35,"OM",981,"UMCA","Oregon myrtle","OM",16,6.6,56,30,1,"Y",0,0,8.3,1.15335297266052,33
"34",264474,"32_13",25,"DF",202,"PSME","Douglas-fir","DF",1,9.3,65,40,1,"Y",0,0,12.5,1.15335297266052,34
"35",264474,"32_13",34,"OM",981,"UMCA","Oregon myrtle","OM",15,5.5,52,25,1,"Y",0,0,5.6,1.15335297266052,35
"36",264474,"32_13",6,"DF",202,"PSME","Douglas-fir","DF",8,8.4,83,40,1,"Y",0,0,13.9,1.15335297266052,36
"37",264474,"32_13",7,"DF",202,"PSME","Douglas-fir","DF",5,7.5,59,40,1,"Y",0,0,7.6,1.15335297266052,37
"38",264474,"32_13",31,"DF",202,"PSME","Douglas-fir","DF",13,7.4,67,25,1,"Y",0,0,8.5,1.15335297266052,38
"39",264474,"32_13",18,"DF",202,"PSME","Douglas-fir","DF",15,6.9,61,45,1,"Y",0,0,6.7,1.15335297266052,39
"40",264474,"32_13",20,"DF",202,"PSME","Douglas-fir","DF",12,13.1,88,70,1,"Y",0,0,32.9,1.15335297266052,40
"41",264474,"32_13",14,"DF",202,"PSME","Douglas-fir","DF",7,7,59,40,1,"Y",0,0,6.6,1.15335297266052,41
"42",264474,"32_13",22,"DF",202,"PSME","Douglas-fir","DF",7,7.3,76,35,1,"Y",0,0,9.7,1.15335297266052,42
"43",264474,"32_13",23,"DF",202,"PSME","Douglas-fir","DF",5,9.6,66,15,1,"Y",0,0,13.4,1.15335297266052,43
"44",264474,"32_13",8,"DF",202,"PSME","Douglas-fir","DF",6,13.2,90,40,1,"Y",0,0,34.3,1.15335297266052,44
"45",264474,"32_13",21,"DF",202,"PSME","Douglas-fir","DF",7,10.6,69,30,1,"Y",0,0,16.9,1.15335297266052,45
"46",264474,"32_13",30,"DF",202,"PSME","Douglas-fir","DF",11,9.4,79,25,1,"Y",0,0,16.1,1.15335297266052,46
"47",264474,"32_13",12,"DF",202,"PSME","Douglas-fir","DF",3,12,73,70,1,"Y",0,0,22.4,1.15335297266052,47
"48",264474,"32_13",15,"DF",202,"PSME","Douglas-fir","DF",11,15.2,75,75,1,"Y",0,0,34.9,1.15335297266052,48
"49",264474,"32_13",16,"DF",202,"PSME","Douglas-fir","DF",14,13.2,80,75,1,"Y",0,0,29.6,1.15335297266052,49
"50",264474,"32_13",19,"DF",202,"PSME","Douglas-fir","DF",11,12.6,68,70,1,"Y",0,0,22.4,1.15335297266052,50
"51",264474,"32_13",3,"DF",202,"PSME","Douglas-fir","DF",12,6.8,61,35,1,"Y",0,0,6.5,1.15335297266052,51
"52",264474,"32_13",26,"DF",202,"PSME","Douglas-fir","DF",1,8.5,60,30,1,"Y",0,0,9.7,1.15335297266052,52
"53",264474,"32_13",36,"DF",202,"PSME","Douglas-fir","DF",15,10,71,30,1,"Y",0,0,15.8,1.15335297266052,53
"54",264474,"32_13",29,"DF",202,"PSME","Douglas-fir","DF",11,8.1,75,20,1,"Y",0,0,11.5,1.15335297266052,54
"55",264474,"32_13",37,"DF",202,"PSME","Douglas-fir","DF",23,11.7,81,35,1,"Y",0,0,24.4,1.15335297266052,55
"56",264474,"32_13",24,"OM",981,"UMCA","Oregon myrtle","OM",1,7.3,42,80,1,"Y",0,0,8.8,1.15335297266052,56
"57",264474,"32_13",32,"DF",202,"PSME","Douglas-fir","DF",14,7.2,63,20,1,"Y",0,0,7.5,1.15335297266052,57
"58",264474,"32_13",5,"DF",202,"PSME","Douglas-fir","DF",15,13.3,85,45,1,"Y",0,0,32.3,1.15335297266052,58
"59",264474,"32_13",1,"DF",202,"PSME","Douglas-fir","DF",17,11.8,76,45,1,"Y",0,0,22.9,1.15335297266052,59
"60",264474,"32_13",13,"DF",202,"PSME","Douglas-fir","DF",11,5.9,55,40,1,"Y",0,0,4.5,1.15335297266052,60
"61",264474,"32_13",2,"DF",202,"PSME","Douglas-fir","DF",,4,19,,,"Y",,,0.9,7.20845607912827,61
"62",264474,"32_13",2,"DF",202,"PSME","Douglas-fir","DF",15,10.1,70,40,1,"Y",0,0,15.8,1.15335297266052,62
"63",264474,"32_13",10,"DF",202,"PSME","Douglas-fir","DF",4,10.4,70,50,1,"Y",0,0,16.6,1.15335297266052,63
"64",264474,"32_13",17,"DF",202,"PSME","Douglas-fir","DF",12,6.2,55,40,1,"Y",0,0,4.9,1.15335297266052,64
"65",264474,"32_13",28,"DF",202,"PSME","Douglas-fir","DF",10,7.1,65,25,1,"Y",0,0,7.6,1.15335297266052,65
"66",264474,"32_13",9,"DF",202,"PSME","Douglas-fir","DF",2,5.8,44,60,1,"Y",0,0,3.4,1.15335297266052,66
"67",264474,"32_13",3,"DF",202,"PSME","Douglas-fir","DF",,1,6,,,"Y",,,0,7.20845607912827,67
"68",264474,"32_13",11,"DF",202,"PSME","Douglas-fir","DF",11,14.2,88,75,1,"Y",0,0,37.7,1.15335297266052,68
"69",264474,"32_13",1,"DF",202,"PSME","Douglas-fir","DF",,2,17,,,"Y",,,0.2,7.20845607912827,69
"70",264474,"32_25",11,"WH",263,"TSHE","Western hemlock","WH",8,29.5,99,60,1,"Y",0,0,163.8,1.45041495155529,70
"71",264474,"32_25",9,"DF",202,"PSME","Douglas-fir","DF",69,27.3,127,55,1,"Y",0,0,178.8,1.45041495155529,71
"72",264474,"32_25",13,"WH",263,"TSHE","Western hemlock","WH",33,12.7,77,80,1,"Y",0,0,28.7,1.45041495155529,72
"73",264474,"32_25",3,"DF",202,"PSME","Douglas-fir","DF",58,32.5,112,60,1,"Y",0,0,199.2,1.45041495155529,73
"74",264474,"32_25",8,"DF",202,"PSME","Douglas-fir","DF",82,19.6,119,45,1,"Y",0,0,94.9,1.45041495155529,74
"75",264474,"32_25",15,"BM",312,"ACMA","Bigleaf maple","BM",47,7.5,62,35,1,"Y",0,0,9.7,1.45041495155529,75
"76",264474,"32_25",10,"DF",202,"PSME","Douglas-fir","DF",41,21.1,130,35,1,"Y",0,0,119,1.45041495155529,76
"77",264474,"32_25",14,"DF",202,"PSME","Douglas-fir","DF",39,12.1,73,0,2,"N",2,0,22.7,1.45041495155529,77
"78",264474,"32_25",16,"DF",202,"PSME","Douglas-fir","DF",53,18.1,72,0,2,"N",2,0,45,1.45041495155529,78
"79",264474,"32_25",12,"WH",263,"TSHE","Western hemlock","WH",13,18.9,100,60,1,"Y",0,0,77.9,1.45041495155529,79
"80",264474,"32_25",6,"DF",202,"PSME","Douglas-fir","DF",57,17,128,45,1,"Y",0,0,79.5,1.45041495155529,80
"81",264474,"32_25",7,"DF",202,"PSME","Douglas-fir","DF",64,21.3,119,45,1,"Y",0,0,109.2,1.45041495155529,81
"82",264474,"32_25",5,"DF",202,"PSME","Douglas-fir","DF",16,22.4,113,55,1,"Y",0,0,111.2,1.45041495155529,82
"83",264474,"32_25",1,"WH",263,"TSHE","Western hemlock","WH",64,14.1,95,55,1,"Y",0,0,44.3,1.45041495155529,83
"84",264474,"32_25",2,"RA",351,"ALRU","Red alder","RA",68,10.8,61,55,1,"Y",0,0,21.3,1.45041495155529,84
"85",264474,"32_25",4,"WH",263,"TSHE","Western hemlock","WH",60,10.3,58,50,1,"Y",0,0,14,1.45041495155529,85
"86",264474,"33_24",7,"DF",202,"PSME","Douglas-fir","DF",2,7.4,40,70,1,"Y",0,0,4.9,0.279205254327013,86
"87",264474,"33_24",1,"OM",981,"UMCA","Oregon myrtle","OM",,1,9,,,"Y",,,0,1.74503283954383,87
"88",264474,"33_24",2,"DF",202,"PSME","Douglas-fir","DF",39,6.1,37,70,1,"Y",0,0,3.2,0.279205254327013,88
"89",264474,"33_24",1,"DF",202,"PSME","Douglas-fir","DF",22,7.8,41,75,1,"Y",0,0,5.6,0.279205254327013,89
"90",264474,"33_24",6,"DF",202,"PSME","Douglas-fir","DF",2,6.5,37,75,1,"Y",0,0,3.6,0.279205254327013,90
"91",264474,"33_24",1,"OM",981,"UMCA","Oregon myrtle","OM",,1,9,,,"Y",,,0,1.74503283954383,91
"92",264474,"33_24",1,"OM",981,"UMCA","Oregon myrtle","OM",,1,9,,,"Y",,,0,1.74503283954383,92
"93",264474,"33_24",4,"DF",202,"PSME","Douglas-fir","DF",39,7.3,41,70,1,"Y",0,0,4.9,0.279205254327013,93
"94",264474,"33_24",1,"OM",981,"UMCA","Oregon myrtle","OM",,1,9,,,"Y",,,0,1.74503283954383,94
"95",264474,"33_24",3,"DF",202,"PSME","Douglas-fir","DF",39,5.5,36,75,1,"Y",0,0,2.5,0.279205254327013,95
"96",264474,"33_24",8,"DF",202,"PSME","Douglas-fir","DF",2,5.8,40,75,1,"Y",0,0,3.1,0.279205254327013,96
"97",264474,"33_24",1,"OM",981,"UMCA","Oregon myrtle","OM",,1,9,,,"Y",,,0,1.74503283954383,97
"98",264474,"33_24",5,"DF",202,"PSME","Douglas-fir","DF",25,6.8,39,70,1,"Y",0,0,4.1,0.279205254327013,98
"99",264474,"42_16",13,"DF",202,"PSME","Douglas-fir","DF",14,11.7,96,20,1,"Y",0,0,30,0.284259999588244,99
"100",264474,"42_16",33,"DF",202,"PSME","Douglas-fir","DF",30,10.6,95,20,1,"Y",0,0,24.8,0.284259999588244,100
"101",264474,"42_16",52,"DF",202,"PSME","Douglas-fir","DF",28,9.4,59,40,3,"Y",0,0,11.4,0.284259999588244,101
"102",264474,"42_16",9,"WH",263,"TSHE","Western hemlock","WH",32,9.4,57,40,1,"Y",0,0,11.6,0.284259999588244,102
"103",264474,"42_16",37,"DF",202,"PSME","Douglas-fir","DF",6,11.2,104,20,1,"Y",0,0,30.3,0.284259999588244,103
"104",264474,"42_16",40,"DF",202,"PSME","Douglas-fir","DF",5,8,93,15,1,"Y",0,0,14.6,0.284259999588244,104
"105",264474,"42_16",27,"WH",263,"TSHE","Western hemlock","WH",32,8.1,83,20,1,"Y",0,0,13.9,0.284259999588244,105
"106",264474,"42_16",45,"DF",202,"PSME","Douglas-fir","DF",15,7.8,78,20,1,"Y",0,0,11.3,0.284259999588244,106
"107",264474,"42_16",20,"DF",202,"PSME","Douglas-fir","DF",35,9,91,15,1,"Y",0,0,17.6,0.284259999588244,107
"108",264474,"42_16",43,"WH",263,"TSHE","Western hemlock","WH",15,7.2,83,20,1,"Y",0,0,11.1,0.284259999588244,108
"109",264474,"42_16",3,"DF",202,"PSME","Douglas-fir","DF",37,9.2,64,35,1,"Y",0,0,12,0.284259999588244,109
"110",264474,"42_16",32,"DF",202,"PSME","Douglas-fir","DF",57,7.4,89,20,1,"Y",0,0,12.1,0.284259999588244,110
"111",264474,"42_16",49,"DF",202,"PSME","Douglas-fir","DF",28,11.7,93,40,1,"Y",0,0,28.9,0.284259999588244,111
"112",264474,"42_16",1,"WH",263,"TSHE","Western hemlock","WH",,1,8,,,"Y",,,0,1.77662499742653,112
"113",264474,"42_16",2,"DF",202,"PSME","Douglas-fir","DF",,1,15,,,"Y",,,0.1,1.77662499742653,113
"114",264474,"42_16",18,"DF",202,"PSME","Douglas-fir","DF",19,5.9,71,15,1,"Y",0,0,6.1,0.284259999588244,114
"115",264474,"42_16",46,"DF",202,"PSME","Douglas-fir","DF",1,10,95,25,1,"Y",0,0,22.3,0.284259999588244,115
"116",264474,"42_16",39,"DF",202,"PSME","Douglas-fir","DF",6,6.7,82,15,1,"Y",0,0,9.1,0.284259999588244,116
"117",264474,"42_16",7,"DF",202,"PSME","Douglas-fir","DF",31,10.4,85,35,1,"Y",0,0,21.1,0.284259999588244,117
"118",264474,"42_16",47,"DF",202,"PSME","Douglas-fir","DF",7,6.8,46,0,2,"N",2,0,4.8,0.284259999588244,118
"119",264474,"42_16",35,"DF",202,"PSME","Douglas-fir","DF",8,5.9,68,20,1,"Y",0,0,5.7,0.284259999588244,119
"120",264474,"42_16",36,"DF",202,"PSME","Douglas-fir","DF",38,10.2,96,20,1,"Y",0,0,23.4,0.284259999588244,120
"121",264474,"42_16",2,"DF",202,"PSME","Douglas-fir","DF",,1,15,,,"Y",,,0.1,1.77662499742653,121
"122",264474,"42_16",50,"DF",202,"PSME","Douglas-fir","DF",28,6.8,54,40,1,"Y",0,0,5.7,0.284259999588244,122
"123",264474,"42_16",24,"DF",202,"PSME","Douglas-fir","DF",45,8.3,88,20,1,"Y",0,0,14.6,0.284259999588244,123
"124",264474,"42_16",12,"DF",202,"PSME","Douglas-fir","DF",7,7.1,69,35,1,"Y",0,0,8.2,0.284259999588244,124
"125",264474,"42_16",26,"DF",202,"PSME","Douglas-fir","DF",39,7.1,81,15,1,"Y",0,0,10,0.284259999588244,125
"126",264474,"42_16",2,"DF",202,"PSME","Douglas-fir","DF",37,5.5,51,15,1,"Y",0,0,3.6,0.284259999588244,126
"127",264474,"42_16",16,"DF",202,"PSME","Douglas-fir","DF",9,9.9,75,35,1,"Y",0,0,16.6,0.284259999588244,127
"128",264474,"42_16",10,"DF",202,"PSME","Douglas-fir","DF",23,13.2,90,50,1,"Y",0,0,34.3,0.284259999588244,128
"129",264474,"42_16",17,"DF",202,"PSME","Douglas-fir","DF",19,6.4,79,20,1,"Y",0,0,8,0.284259999588244,129
"130",264474,"42_16",19,"DF",202,"PSME","Douglas-fir","DF",29,6.2,76,10,1,"Y",0,0,7.2,0.284259999588244,130
"131",264474,"42_16",51,"DF",202,"PSME","Douglas-fir","DF",30,11.5,93,45,1,"Y",0,0,28,0.284259999588244,131
"132",264474,"42_16",6,"DF",202,"PSME","Douglas-fir","DF",14,12.6,91,30,1,"Y",0,0,32.1,0.284259999588244,132
"133",264474,"42_16",25,"DF",202,"PSME","Douglas-fir","DF",43,7.9,93,15,1,"Y",0,0,14.3,0.284259999588244,133
"134",264474,"42_16",42,"DF",202,"PSME","Douglas-fir","DF",12,5.7,72,15,1,"Y",0,0,5.8,0.284259999588244,134
"135",264474,"42_16",11,"DF",202,"PSME","Douglas-fir","DF",22,7.8,57,35,1,"Y",0,0,7.8,0.284259999588244,135
"136",264474,"42_16",28,"DF",202,"PSME","Douglas-fir","DF",32,6.3,75,15,1,"Y",0,0,7.3,0.284259999588244,136
"137",264474,"42_16",29,"DF",202,"PSME","Douglas-fir","DF",33,6.3,72,15,1,"Y",0,0,6.9,0.284259999588244,137
"138",264474,"42_16",30,"DF",202,"PSME","Douglas-fir","DF",36,7.6,82,15,1,"Y",0,0,11.4,0.284259999588244,138
"139",264474,"42_16",8,"WH",263,"TSHE","Western hemlock","WH",54,7.2,26,40,1,"Y",0,0,3.3,0.284259999588244,139
"140",264474,"42_16",15,"DF",202,"PSME","Douglas-fir","DF",7,9.4,89,20,1,"Y",0,0,18.5,0.284259999588244,140
"141",264474,"42_16",44,"DF",202,"PSME","Douglas-fir","DF",13,11.4,104,25,1,"Y",0,0,31.3,0.284259999588244,141
"142",264474,"42_16",23,"DF",202,"PSME","Douglas-fir","DF",45,8.1,79,15,1,"Y",0,0,12.3,0.284259999588244,142
"143",264474,"42_16",48,"DF",202,"PSME","Douglas-fir","DF",14,7.8,78,15,1,"Y",0,0,11.3,0.284259999588244,143
"144",264474,"42_16",38,"DF",202,"PSME","Douglas-fir","DF",1,6.6,75,20,1,"Y",0,0,8,0.284259999588244,144
"145",264474,"42_16",41,"DF",202,"PSME","Douglas-fir","DF",6,6.6,88,15,1,"Y",0,0,9.7,0.284259999588244,145
"146",264474,"42_16",14,"DF",202,"PSME","Douglas-fir","DF",4,6.7,78,15,1,"Y",0,0,8.6,0.284259999588244,146
"147",264474,"42_16",22,"DF",202,"PSME","Douglas-fir","DF",41,11.9,99,20,1,"Y",0,0,32,0.284259999588244,147
"148",264474,"42_16",4,"DF",202,"PSME","Douglas-fir","DF",36,11.2,82,35,1,"Y",0,0,23,0.284259999588244,148
"149",264474,"42_16",1,"DF",202,"PSME","Douglas-fir","DF",38,11.9,65,20,3,"Y",0,0,19.3,0.284259999588244,149
"150",264474,"42_16",34,"DF",202,"PSME","Douglas-fir","DF",20,9.4,100,25,1,"Y",0,0,21.2,0.284259999588244,150
"151",264474,"42_16",31,"WH",263,"TSHE","Western hemlock","WH",19,7.6,86,25,1,"Y",0,0,12.8,0.284259999588244,151
"152",264474,"42_16",21,"DF",202,"PSME","Douglas-fir","DF",37,10.6,95,25,1,"Y",0,0,24.8,0.284259999588244,152
"153",264474,"42_16",5,"DF",202,"PSME","Douglas-fir","DF",49,8.1,43,35,1,"Y",0,0,6.2,0.284259999588244,153
"154",264474,"51_02",15,"DF",202,"PSME","Douglas-fir","DF",6,16.7,102,30,1,"Y",0,0,59.8,0.285152225098719,154
"155",264474,"51_02",25,"WH",263,"TSHE","Western hemlock","WH",7,12.5,97,40,1,"Y",0,0,36.7,0.285152225098719,155
"156",264474,"51_02",1,"DF",202,"PSME","Douglas-fir","DF",35,13.9,101,45,1,"Y",0,0,43.2,0.285152225098719,156
"157",264474,"51_02",30,"DF",202,"PSME","Douglas-fir","DF",9,17.2,113,30,1,"Y",0,0,71.4,0.285152225098719,157
"158",264474,"51_02",4,"DF",202,"PSME","Douglas-fir","DF",49,18.6,122,35,1,"Y",0,0,89.3,0.285152225098719,158
"159",264474,"51_02",17,"DF",202,"PSME","Douglas-fir","DF",6,6.2,31,0,2,"N",3,0,2.8,0.285152225098719,159
"160",264474,"51_02",29,"DF",202,"PSME","Douglas-fir","DF",2,17.5,110,40,1,"Y",0,0,71.1,0.285152225098719,160
"161",264474,"51_02",20,"WH",263,"TSHE","Western hemlock","WH",16,16.8,99,30,1,"Y",0,0,63,0.285152225098719,161
"162",264474,"51_02",19,"WH",263,"TSHE","Western hemlock","WH",17,15,104,30,1,"Y",0,0,54.8,0.285152225098719,162
"163",264474,"51_02",6,"WH",263,"TSHE","Western hemlock","WH",47,7.8,74,20,1,"Y",0,0,11.4,0.285152225098719,163
"164",264474,"51_02",32,"DF",202,"PSME","Douglas-fir","DF",26,11.6,100,30,1,"Y",0,0,30.9,0.285152225098719,164
"165",264474,"51_02",23,"DF",202,"PSME","Douglas-fir","DF",14,18.5,100,0,1,"N",2,0,69.3,0.285152225098719,165
"166",264474,"51_02",10,"DF",202,"PSME","Douglas-fir","DF",3,11.4,59,0,2,"N",2,0,16,0.285152225098719,166
"167",264474,"51_02",28,"DF",202,"PSME","Douglas-fir","DF",2,13.8,100,25,1,"Y",0,0,42.1,0.285152225098719,167
"168",264474,"51_02",18,"DF",202,"PSME","Douglas-fir","DF",12,14.2,98,25,1,"Y",0,0,43.2,0.285152225098719,168
"169",264474,"51_02",2,"DF",202,"PSME","Douglas-fir","DF",36,8.6,79,15,1,"Y",0,0,13.7,0.285152225098719,169
"170",264474,"51_02",22,"WH",263,"TSHE","Western hemlock","WH",24,15.9,104,45,1,"Y",0,0,60.6,0.285152225098719,170
"171",264474,"51_02",31,"DF",202,"PSME","Douglas-fir","DF",19,12,98,30,1,"Y",0,0,32.2,0.285152225098719,171
"172",264474,"51_02",8,"WH",263,"TSHE","Western hemlock","WH",26,15.6,101,40,1,"Y",0,0,56.7,0.285152225098719,172
"173",264474,"51_02",33,"DF",202,"PSME","Douglas-fir","DF",28,19.1,119,30,1,"Y",0,0,90.8,0.285152225098719,173
"174",264474,"51_02",21,"DF",202,"PSME","Douglas-fir","DF",21,18,108,50,1,"Y",0,0,72.9,0.285152225098719,174
"175",264474,"51_02",14,"DF",202,"PSME","Douglas-fir","DF",3,19.3,105,45,1,"Y",0,0,79.1,0.285152225098719,175
"176",264474,"51_02",9,"WH",263,"TSHE","Western hemlock","WH",28,16.7,87,55,1,"Y",0,0,53.5,0.285152225098719,176
"177",264474,"51_02",13,"WH",263,"TSHE","Western hemlock","WH",2,17.2,101,45,1,"Y",0,0,67.1,0.285152225098719,177
"178",264474,"51_02",26,"WH",263,"TSHE","Western hemlock","WH",8,15.3,92,30,1,"Y",0,0,49.2,0.285152225098719,178
"179",264474,"51_02",27,"DF",202,"PSME","Douglas-fir","DF",15,6.2,74,15,1,"Y",0,0,7,0.285152225098719,179
"180",264474,"51_02",16,"DF",202,"PSME","Douglas-fir","DF",6,9.5,77,30,1,"Y",0,0,15.9,0.285152225098719,180
"181",264474,"51_02",12,"WH",263,"TSHE","Western hemlock","WH",8,10.2,89,30,1,"Y",0,0,23,0.285152225098719,181
"182",264474,"51_02",7,"DF",202,"PSME","Douglas-fir","DF",40,9.4,71,25,1,"Y",0,0,14.1,0.285152225098719,182
"183",264474,"51_02",24,"WH",263,"TSHE","Western hemlock","WH",16,11.3,82,50,1,"Y",0,0,25.2,0.285152225098719,183
"184",264474,"51_02",5,"DF",202,"PSME","Douglas-fir","DF",27,9.9,89,20,1,"Y",0,0,20.3,0.285152225098719,184
"185",264474,"51_02",11,"DF",202,"PSME","Douglas-fir","DF",10,14.1,87,40,1,"Y",0,0,36.8,0.285152225098719,185
"186",264474,"51_02",3,"DF",202,"PSME","Douglas-fir","DF",39,17.8,129,30,1,"Y",0,0,86.9,0.285152225098719,186
"187",264474,"52_10",2,"BM",312,"ACMA","Bigleaf maple","BM",82,7.6,29,35,1,"Y",0,0,6.4,1.41932432844854,187
"188",264474,"52_10",5,"RA",351,"ALRU","Red alder","RA",21,9.8,100,30,1,"Y",0,0,23.4,1.41932432844854,188
"189",264474,"52_10",10,"RA",351,"ALRU","Red alder","RA",61,24.5,112,40,1,"Y",0,0,155.9,1.41932432844854,189
"190",264474,"52_10",6,"RA",351,"ALRU","Red alder","RA",20,11.2,100,30,1,"Y",0,0,30.4,1.41932432844854,190
"191",264474,"52_10",3,"BM",312,"ACMA","Bigleaf maple","BM",78,13.3,61,45,1,"Y",0,0,34.3,1.41932432844854,191
"192",264474,"52_10",1,"BM",312,"ACMA","Bigleaf maple","BM",78,34.1,65,75,1,"Y",0,0,289.1,1.41932432844854,192
"193",264474,"52_10",11,"TO",631,"LIDE3","Tanoak","TO",34,5.8,27,45,1,"Y",0,0,3.1,1.41932432844854,193
"194",264474,"52_10",4,"DF",202,"PSME","Douglas-fir","DF",20,9.1,68,30,1,"Y",0,0,12.7,1.41932432844854,194
"195",264474,"52_10",9,"BM",312,"ACMA","Bigleaf maple","BM",47,7.6,61,25,1,"Y",0,0,9.9,1.41932432844854,195
"196",264474,"52_10",8,"BM",312,"ACMA","Bigleaf maple","BM",47,7.3,67,30,1,"Y",0,0,9.5,1.41932432844854,196
"197",264474,"52_10",7,"RA",351,"ALRU","Red alder","RA",25,12,55,30,1,"Y",0,0,24.9,1.41932432844854,197
"198",264474,"62_18",7,"DF",202,"PSME","Douglas-fir","DF",46,21.8,149,35,1,"Y",0,0,143,0.277592809723863,198
"199",264474,"62_18",10,"DF",202,"PSME","Douglas-fir","DF",43,16.6,109,40,1,"Y",0,0,64.3,0.277592809723863,199
"200",264474,"62_18",4,"DF",202,"PSME","Douglas-fir","DF",46,17.3,129,45,1,"Y",0,0,82.6,0.277592809723863,200
"201",264474,"62_18",1,"DF",202,"PSME","Douglas-fir","DF",63,22.3,113,40,1,"Y",0,0,110.4,0.277592809723863,201
"202",264474,"62_18",8,"DF",202,"PSME","Douglas-fir","DF",6,19.3,128,45,1,"Y",0,0,100,0.277592809723863,202
"203",264474,"62_18",6,"DF",202,"PSME","Douglas-fir","DF",55,23.1,133,40,1,"Y",0,0,142.8,0.277592809723863,203
"204",264474,"62_18",5,"DF",202,"PSME","Douglas-fir","DF",53,19.2,125,35,1,"Y",0,0,96.9,0.277592809723863,204
"205",264474,"62_18",3,"DF",202,"PSME","Douglas-fir","DF",36,19.7,128,30,1,"Y",0,0,103.8,0.277592809723863,205
"206",264474,"62_18",2,"DF",202,"PSME","Douglas-fir","DF",31,18.1,118,40,1,"Y",0,0,82,0.277592809723863,206
"207",264474,"62_18",9,"DF",202,"PSME","Douglas-fir","DF",14,22.5,141,45,1,"Y",0,0,142.6,0.277592809723863,207
